
trial ITIJitter choice1 rts1 stim1ons_ms choice1ons_ms jitter2 jitter2_ms state rts2 stim2ons_ms choice2ons_ms jitter3 jitter3_ms won

1   6.50 1 103929.712956 103214.889120 103929.712956   3500 103948.302140 1 108090.621711 107498.262377 108090.621711   5500 108098.770670 0
2   2.00 1 118346.718791 117665.178467 118346.718791   5500 118365.135383 1 124409.811211 123881.885250 124409.811211   2500 124415.217685 1
3   2.50 1 132022.873172 131482.052580 132022.873172   5000 132032.456165 1 137656.979734 137048.762202 137656.979734   3500 137665.421635 1
4   6.50 1 150196.863264 149732.387417 150196.863264   3000 150215.704598 1 153790.498106 153232.384690 153790.498106   2000 153799.068969 0
5   2.50 1 160964.909090 160382.531184 160964.909090   5000 160982.549021 1 166594.748987 165999.293594 166594.748987   2000 166599.309827 1
6   2.00 1 173157.931713 172666.059068 173157.931713   3500 173166.048642 1 177307.879310 176682.755521 177307.879310   5000 177316.124560 0
7   6.00 1 190848.870890 190383.015916 190848.870890   2000 190866.340475 0 193494.810549 192883.042061 193494.810549   3000 193499.720742 1
8   4.00 0 202451.742900 202066.546174 202451.742900   4000 202466.495936 0 206960.887197 206483.268419 206960.887197   2000 206966.615435 1
9   5.50 0 216474.953877 216033.419212 216474.953877   5500 216483.396098 0 222620.949516 222000.190556 222620.949516   4000 222633.507304 1
10   4.00 0 232740.419975 232200.393046 232740.419975   4000 232750.394346 1 237295.760058 236767.128012 237295.760058   3000 237300.447615 1
11   4.50 1 247401.743686 246867.271763 247401.743686   4000 247417.278516 0 251972.632715 251434.002237 251972.632715   2000 251984.005141 1
12   3.00 1 259092.998532 258550.803625 259092.998532   3500 259100.814227 1 263070.915816 262617.539071 263070.915816   2500 263084.168782 0
13   7.50 1 275610.767586 275151.075216 275610.767586   6000 275617.756254 1 282169.555006 281634.547665 282169.555006   2000 282184.465876 1
14   3.00 1 290018.819520 289251.281202 290018.819520   5000 290034.639542 1 295519.772462 295051.405609 295519.772462   3500 295534.750058 1
15   5.00 1 306607.765201 306134.910010 306607.765201   4000 306618.232003 1 311120.749175 310635.033359 311120.749175   2000 311135.002722 0
16   7.00 1 322640.842759 322201.853978 322640.842759   4000 322651.848508 1 327217.855254 326668.596931 327217.855254   5500 327235.286985 1
17   7.50 1 342777.883856 342302.227744 342777.883856   2000 342785.491031 0 345308.914217 344802.229509 345308.914217   6500 345318.874473 0
18   7.00 1 361299.595886 360885.827584 361299.595886   2500 361319.214523 1 364458.381253 363835.866545 364458.381253   4000 364469.234942 1
19   2.50 1 373521.723258 373036.038238 373521.723258   5000 373536.003110 1 378932.837887 378552.789388 378932.837887   3500 378952.767702 1
20   5.50 1 390455.325616 390019.650397 390455.325616   5500 390469.658080 0 396485.705230 395986.411475 396485.705230   5500 396503.063497 0
21   3.00 1 407536.372353 407069.936087 407536.372353   2000 407553.288556 0 410036.344604 409569.984047 410036.344604   2500 410053.339724 0
22   7.50 1 422506.776458 422120.188734 422506.776458   4000 422520.184050 0 427001.617804 426536.929586 427001.617804   6000 427020.267619 0
23   5.00 1 440497.778287 440087.146464 440497.778287   4000 440503.813532 1 444977.592312 444520.561634 444977.592312   2500 444987.220217 0
24   2.00 1 452001.284811 451554.018701 452001.284811   2000 452020.640391 1 454602.799830 454037.374699 454602.799830   3000 454620.734258 0
25   2.50 0 462704.249245 462187.509323 462704.249245   6500 462720.848495 0 469732.670685 469237.617289 469732.670685   2500 469737.597239 1
--------
14 :Total Won