
trial ITIJitter choice1 rts1 stim1ons_ms choice1ons_ms jitter2 jitter2_ms state rts2 stim2ons_ms choice2ons_ms jitter3 jitter3_ms won

1   4.50 1 19591.034743 19150.358865 19591.034743   7000 19617.278259 1 27011.284526 26633.791214 27011.284526   5000 27017.093285 0
2   2.50 1 37108.696649 36583.954646 37108.696649   2500 37117.205919 1 40110.012258 39633.997169 40110.012258   2500 40117.286119 1
3   7.00 1 52021.268842 51684.155180 52021.268842   2000 52034.191382 1 54499.589534 54050.894572 54499.589534   4500 54517.559250 1
4   4.50 1 66037.703841 65584.437453 66037.703841   3000 66051.104056 1 69524.964319 69067.804358 69524.964319   4500 69534.505607 1
5   7.50 1 83961.963487 83601.342107 83961.963487   2500 83968.049740 1 86910.013477 86484.756619 86910.013477   2000 86918.091267 1
6   8.00 1 99335.160621 98984.996097 99335.160621   4500 99351.613585 1 104303.980926 103868.397778 104303.980926   5000 104318.333280 0
7   2.00 1 113784.957858 113385.211484 113784.957858   2500 113801.877910 1 116772.092100 116318.576769 116772.092100   7000 116785.261978 1
8   2.50 1 128845.676024 128352.125264 128845.676024   4000 128852.068001 1 133276.962674 132868.866469 133276.962674   8000 133285.488624 1
9   3.00 1 146761.990691 146352.396983 146761.990691   4000 146769.057635 1 151196.078262 150785.845196 151196.078262   6000 151202.478900 0
10   4.50 1 164129.119537 163769.346357 164129.119537   4500 164136.012927 1 169124.952000 168652.813801 169124.952000   2500 169136.137719 1
11   2.00 1 176142.991650 175702.881988 176142.991650   6500 176152.898974 1 183136.915984 182669.680279 183136.915984   2000 183153.043976 1
12   4.00 1 192061.971860 191219.862190 192061.971860   2000 192069.828297 1 194634.855314 194086.478555 194634.855314   5000 194653.175024 0
13   3.50 1 206329.057686 205220.066541 206329.057686   4500 206336.735116 1 211315.598765 210853.448411 211315.598765   2500 211336.788048 0
14   2.50 1 218847.073116 218403.612999 218847.073116   2500 218853.579619 1 221806.888193 221370.294519 221806.888193   2500 221820.305089 0
15   3.50 1 230249.556251 229887.114320 230249.556251   4000 230270.400993 1 234971.974429 234287.178929 234971.974429   8000 234987.198723 1
16   3.50 1 248954.993746 248554.109488 248954.993746   2000 248970.753458 1 251601.583670 250987.464668 251601.583670   2000 251620.805155 0
17   2.50 1 258546.036509 258187.576050 258546.036509   7500 258554.216956 1 266498.757374 266071.036437 266498.757374   4000 266504.373010 0
18   5.00 0 278060.039350 277571.204056 278060.039350   2000 278071.196838 0 280883.505620 280087.927296 280883.505620   3500 280904.569469 1
19   5.00 0 291325.129468 291004.790213 291325.129468   5000 291338.074785 0 296890.884063 296354.885122 296890.884063   3500 296904.831244 1
20   4.00 0 306348.082840 305971.722921 306348.082840   6500 306354.985854 0 313439.944129 312871.846718 313439.944129   2000 313455.070257 1
21   5.00 0 322448.870761 322021.950225 322448.870761   2500 322455.292573 1 325446.042572 324971.995282 325446.042572   4500 325455.366357 0
22   7.50 0 339913.576623 339522.237824 339913.576623   2000 339922.227045 0 342841.957289 341939.009473 342841.957289   3000 342855.698195 1
23   4.00 0 351918.540069 351422.461711 351918.540069   2500 351939.103147 0 355020.789243 354455.886377 355020.789243   2500 355039.087460 1
24   4.50 0 363936.885123 363605.982826 363936.885123   4000 363955.974116 0 368443.909240 367972.714199 368443.909240   4500 368456.002828 1
25   3.00 0 377988.109479 377522.856009 377988.109479   6000 378006.161000 0 384667.785624 384022.995397 384667.785624   2500 384672.966573 1
--------
16 :Total Won