
trial ITIJitter choice1 rts1 stim1ons_ms choice1ons_ms jitter2 jitter2_ms state rts2 stim2ons_ms choice2ons_ms jitter3 jitter3_ms won

1   2.00 1 20054.260746 19457.366557 20054.260746   5000 20074.441285 1 25609.833732 25107.389703 25609.833732   4500 25624.063218 0
2   3.50 1 35980.288972 35707.569544 35980.288972   2000 35991.365032 1 38556.848173 38007.627064 38556.848173   2500 38574.260656 1
3   3.00 1 46589.597551 46141.098920 46589.597551   2500 46607.763276 0 49575.301337 49124.469835 49575.301337   3500 49591.117831 0
4   5.00 1 60626.297283 60157.966039 60626.297283   2500 60641.379461 1 63636.659824 63158.029558 63636.659824   2500 63641.383952 1
5   4.50 1 73049.325209 72708.184521 73049.325209   3000 73058.251521 1 76560.646788 76074.985829 76560.646788   5000 76574.934981 1
6   2.50 1 86559.603219 86141.747260 86559.603219   4000 86575.131312 1 91057.664453 90591.986883 91057.664453   2000 91075.159382 1
7   5.50 1 101101.290618 100641.950809 101101.290618   3500 101108.662324 1 105166.780712 104625.387168 105166.780712   4000 105175.397129 1
8   7.50 1 119157.752064 118742.299553 119157.752064   7500 119175.649920 0 127216.618242 126692.449511 127216.618242   2000 127225.759811 1
9   2.00 1 133153.595114 132792.531027 133153.595114   7000 133159.222299 1 140630.621050 140175.973930 140630.621050   3000 140642.661064 1
10   3.50 1 149567.264930 149209.498045 149567.264930   2000 149576.096926 1 152215.286914 151592.824817 152215.286914   6500 152226.132262 1
11   8.00 1 169186.597925 168793.148892 169186.597925   2000 169193.055987 1 171792.581714 171209.843869 171792.581714   2500 171809.789846 1
12   7.50 1 184258.716748 183876.713603 184258.716748   3000 184276.629361 1 187737.685780 187293.427508 187737.685780   2500 187743.386750 1
13   5.00 1 197695.748958 197326.933657 197695.748958   3500 197710.336460 1 201658.260375 201226.975971 201658.260375   4000 201677.047815 1
14   8.00 1 216264.825136 215743.859612 216264.825136   6500 216277.260057 1 223359.164298 222794.004470 223359.164298   5000 223377.350234 0
15   2.00 1 232901.770794 232444.169090 232901.770794   5500 232910.836654 1 238896.786817 238427.578822 238896.786817   2000 238911.336464 1
16   4.50 1 247835.735337 247477.760572 247835.735337   2000 247844.423614 1 250332.213735 249861.124237 250332.213735   4000 250344.484085 1
17   2.50 1 259416.458867 258911.341597 259416.458867   4000 259427.956726 1 263886.742831 263444.649009 263886.742831   4500 263894.643539 1
18   7.50 1 278318.502985 277961.620229 278318.502985   6500 278328.245737 0 285339.612388 284845.028325 285339.612388   7000 285345.030090 1
19   2.50 0 296839.207696 296411.915351 296839.207696   3500 296845.258661 0 300807.149326 300361.963936 300807.149326   3000 300828.541997 1
20   3.00 0 308747.123129 308395.426135 308747.123129   3000 308762.091744 0 312251.564470 311778.807766 312251.564470   2000 312262.178200 0
21   7.50 0 324167.448942 323828.980213 324167.448942   2000 324179.015132 0 326619.452333 326195.758743 326619.452333   5000 326629.054254 1
22   2.00 0 335647.505493 335195.868778 335647.505493   5000 335662.480844 1 341225.551611 340679.280916 341225.551611   3000 341245.896864 0
23   3.00 1 349748.577645 349312.755499 349748.577645   4500 349762.763823 1 354756.624638 354279.526201 354756.624638   2000 354762.856214 0
24   4.50 0 363782.553769 363329.676192 363782.553769   3000 363796.331567 1 367281.165499 366813.055609 367281.165499   8000 367296.382093 0
25   2.50 0 380356.378776 379863.302161 380356.378776   2000 380363.265750 0 382867.134460 382379.981451 382867.134460   2000 382879.980008 1
--------
18 :Total Won