
trial ITIJitter choice1 rts1 stim1ons_ms choice1ons_ms jitter2 jitter2_ms state rts2 stim2ons_ms choice2ons_ms jitter3 jitter3_ms won

1   4.00 0 19699.387814 19231.129713 19699.387814   2000 19714.879909 0 22201.180294 21731.152330 22201.180294   6000 22214.619004 0
2   6.00 0 36648.256169 36281.373699 36648.256169   3000 36664.657806 0 40162.359741 39681.447291 40162.359741   3000 40181.431091 1
3   3.00 0 48104.242316 47748.265825 48104.242316   7000 48114.937849 0 55663.776242 55131.702633 55663.776242   7500 55681.694950 1
4   2.00 0 67152.142844 66748.563530 67152.142844   6500 67165.159700 0 74185.022788 73682.001637 74185.022788   2000 74198.683493 1
5   3.50 0 81600.280894 81265.485988 81600.280894   2000 81615.526040 1 85010.385318 83632.183355 85010.385318   4000 85015.491201 0
6   3.00 1 94353.154717 94082.309735 94353.154717   7000 94365.671122 1 101772.222345 101382.478252 101772.222345   4500 101782.484155 0
7   8.00 1 117350.058659 116349.378238 117350.058659   3000 117366.026250 1 120954.227350 120382.772427 120954.227350   4000 120966.084187 0
8   3.50 1 131096.073417 130532.942661 131096.073417   5500 131116.295162 0 137275.140519 136633.046954 137275.140519   3000 137282.986691 0
9   3.50 0 146285.768043 145849.849656 146285.768043   2000 146299.789971 0 148849.739300 148316.567587 148849.739300   3000 148866.529748 0
10   4.50 0 158887.074861 158433.409395 158887.074861   7500 158900.077281 0 166996.369165 166416.815599 166996.369165   4500 167016.847230 1
11   4.00 0 177583.079820 177083.696882 177583.079820   6000 177600.401516 0 184099.189687 183617.158279 184099.189687   2500 184117.113207 1
12   3.00 0 191580.125235 191183.968633 191580.125235   4000 191600.602017 0 196103.145494 195617.384445 196103.145494   2000 196117.301197 0
13   7.50 0 208059.282257 207684.189826 208059.282257   3500 208067.507617 0 212197.715634 211584.238556 212197.715634   2000 212217.636146 0
14   2.50 0 219179.243864 218784.393567 219179.243864   3500 219184.348142 0 223233.000951 222701.159282 223233.000951   4500 223251.105403 0
15   7.00 1 237128.682284 236818.004298 237128.682284   5000 237134.686732 1 242683.990287 242151.513110 242683.990287   2000 242701.436775 1
16   4.00 0 251280.176146 250768.238307 251280.176146   5500 251284.905086 0 257301.269509 256801.664897 257301.269509   7500 257318.316920 0
17   2.50 1 270965.040298 269385.242922 270965.040298   3500 270985.237661 1 274947.113569 274501.958014 274947.113569   6500 274951.880685 0
18   2.50 1 286325.629277 286018.921535 286325.629277   4000 286335.513182 1 290872.674708 290352.244282 290872.674708   5000 290885.476306 0
19   2.00 1 300450.269457 299952.404875 300450.269457   3000 300469.013268 0 304104.242957 303485.719345 304104.242957   4500 304119.053416 0
20   4.00 1 315127.600219 314685.976051 315127.600219   2000 315135.947483 1 317647.708240 317152.649711 317647.708240   4500 317652.666874 1
21   4.00 1 328727.176953 328219.552616 328727.176953   2000 328736.229661 1 331276.682935 330752.860991 331276.682935   5000 331286.153005 0
22   3.50 1 342565.095026 341853.061204 342565.095026   5000 342569.738312 1 348080.103580 347586.455618 348080.103580   2500 348086.455457 1
23   5.50 1 358899.028259 358153.277841 358899.028259   4000 358903.335024 1 363360.110664 362920.080239 363360.110664   4000 363370.067712 1
24   3.50 1 373483.923496 372936.904050 373483.923496   2000 373503.575497 0 376128.945021 375520.323599 376128.945021   3500 376136.954801 1
25   6.00 1 387737.334823 387220.491282 387737.334823   4000 387753.823397 0 392258.572708 391770.533965 392258.572708   2000 392270.554657 0
--------
10 :Total Won