
trial ITIJitter choice1 rts1 stim1ons_ms choice1ons_ms jitter2 jitter2_ms state rts2 stim2ons_ms choice2ons_ms jitter3 jitter3_ms won

1   2.50 0 19940.593913 18863.375946 19940.593913   2500 19963.694213 0 22938.672631 22480.107238 22938.672631   2500 22946.780577 0
2   2.50 0 30376.508450 30013.582109 30376.508450   2000 30396.874235 0 32884.488878 32413.588332 32884.488878   4500 32896.939839 0
3   3.00 0 42928.509308 42463.749231 42928.509308   2000 42947.103624 1 45757.560417 44963.807456 45757.560417   4500 45763.816374 0
4   3.50 0 56310.500582 55830.644853 56310.500582   3500 56330.652713 1 60371.092674 59847.402259 60371.092674   3000 60380.725070 0
5   3.00 1 68790.438116 68447.504146 68790.438116   2500 68797.517892 1 71719.386922 71314.247869 71719.386922   3000 71730.913333 1
6   3.50 1 80700.199443 80297.742293 80700.199443   2000 80714.351295 1 83158.150821 82731.095227 83158.150821   4500 83164.444312 0
7   2.00 1 92117.144325 91731.393573 92117.144325   6000 92131.264418 0 98741.624906 98148.047167 98741.624906   4500 98747.974858 0
8   2.00 1 107779.156156 107314.823708 107779.156156   5500 107798.166233 1 113726.414087 113314.918666 113726.414087   2500 113731.610756 1
9   5.00 1 123674.481400 123298.449340 123674.481400   4500 123681.767131 1 128668.102255 128198.495504 128668.102255   2500 128681.847010 1
10   3.00 1 136662.539872 136248.701314 136662.539872   3500 136681.964745 0 140659.650409 140198.694721 140659.650409   2000 140665.339509 0
11   3.50 1 148512.124866 148232.178415 148512.124866   2000 148532.166000 1 151040.516632 150548.870152 151040.516632   3500 151048.861971 1
12   2.00 1 159051.347544 158615.671363 159051.347544   7500 159065.703106 1 167087.087116 166582.497244 167087.087116   2500 167099.141246 0
13   2.00 1 174080.125074 173665.944863 174080.125074   4500 174099.223692 1 179080.089786 178615.978691 179080.089786   2500 179099.330839 1
14   3.50 1 187512.486089 187166.169263 187512.486089   2000 187532.771353 1 189992.475913 189549.510472 189992.475913   4000 189999.520081 1
15   3.50 1 200003.446695 199566.376951 200003.446695   5000 200016.324965 0 205553.638871 205033.098410 205553.638871   3500 205566.395878 0
16   6.00 1 217787.085737 217133.300547 217787.085737   2000 217799.975234 1 220345.558771 219816.729432 220345.558771   4500 220350.022729 0
17   6.00 1 233243.495342 232916.883769 233243.495342   3500 233250.263940 1 237352.469164 236766.956062 237352.469164   3000 237366.961387 0
18   5.50 0 248253.103678 247933.798047 248253.103678   2000 248267.089997 0 250765.061086 250283.852214 250765.061086   2500 250783.843713 0
19   3.00 0 258703.496644 258350.649576 258703.496644   3000 258717.231454 1 262250.472140 261733.994634 262250.472140   3000 262267.393475 1
20   5.00 0 272752.554946 272334.208802 272752.554946   2500 272767.509124 1 275781.421338 275284.258670 275781.421338   2500 275800.908447 1
21   2.00 0 282866.985608 282367.700194 282866.985608   2000 282884.405148 1 285378.377121 284901.080108 285378.377121   4500 285384.405309 1
22   3.00 0 295384.273459 294951.266991 295384.273459   5000 295401.161110 0 300899.397181 300417.995829 300899.397181   3000 300917.997273 1
23   5.50 0 311456.343520 311001.534074 311456.343520   8000 311468.106682 1 319957.436010 319484.975406 319957.436010   7000 319968.273980 0
24   2.50 0 331764.971261 331535.202068 331764.971261   2500 331785.184023 0 334748.030998 334301.879354 334748.030998   7000 334768.501044 1
25   5.00 0 348705.437174 348335.487197 348705.437174   6500 348718.790872 1 355656.326261 355235.526944 355656.326261   5000 355668.896240 0
--------
11 :Total Won