
trial ITIJitter choice1 rts1 stim1ons_ms choice1ons_ms jitter2 jitter2_ms state rts2 stim2ons_ms choice2ons_ms jitter3 jitter3_ms won

1   5.00 1 23274.882274 22772.949603 23274.882274   4500 23289.923069 1 28311.253825 27806.443241 28311.253825   4000 28322.951544 1
2   4.50 1 39312.278787 38889.877066 39312.278787   4000 39323.223263 1 43786.813376 43339.936077 43786.813376   2000 43806.619040 1
3   2.50 1 50945.314833 50373.364592 50945.314833   7000 50956.754948 0 58453.462398 57973.524223 58453.462398   6000 58473.530800 0
4   6.00 1 72951.324094 72540.425364 72951.324094   2500 72957.104943 0 76060.847449 75473.806689 76060.847449   2500 76073.791804 1
5   2.50 1 83138.851382 82640.607612 83138.851382   3000 83157.283373 1 86636.133709 86174.004207 86636.133709   2500 86640.662469 1
6   5.00 1 96771.263468 96207.526396 96771.263468   4000 96790.842647 1 101283.217347 100807.572143 101283.217347   6000 101290.908893 1
7   6.00 1 115844.097679 115357.797041 115844.097679   2500 115857.736891 1 118967.199615 118374.530707 118967.199615   3000 118974.451661 1
8   3.50 1 127973.475141 127541.364351 127973.475141   7000 127991.322952 1 135509.321700 135008.137780 135509.321700   2500 135524.817071 1
9   2.50 1 143008.421369 142591.604487 143008.421369   4500 143024.894544 1 148028.379736 147541.648261 148028.379736   2000 148041.672802 1
10   7.00 0 159550.756146 159108.544269 159550.756146   2000 159558.509285 1 162078.120063 161575.467513 162078.120063   3500 162091.916788 1
11   3.00 1 171268.239109 170658.757297 171268.239109   7000 171275.392028 1 178809.439851 178292.170927 178809.439851   6000 178825.490209 1
12   2.00 1 189324.212295 188925.699404 189324.212295   3000 189342.379946 1 192846.118410 192359.090193 192846.118410   6500 192859.089070 0
13   2.50 1 204377.074986 203925.953479 204377.074986   3000 204392.625535 1 207881.259045 207409.330650 207881.259045   8000 207892.638207 1
14   4.50 0 223074.796556 222459.601263 223074.796556   7000 223092.943033 0 230602.325043 230109.730915 230602.325043   3000 230609.684880 0
15   3.00 0 239076.339292 238676.530361 239076.339292   2000 239093.165028 1 241647.283498 241109.892920 241647.283498   7000 241659.920204 1
16   4.00 0 255185.743630 254726.792633 255185.743630   7000 255193.426193 0 262771.736330 262210.246154 262771.736330   2000 262776.833872 0
17   2.00 0 269247.767781 268843.707263 269247.767781   7000 269260.283865 0 276820.324979 276277.166383 276820.324979   5500 276827.113787 1
18   6.50 0 291026.352910 290394.053424 291026.352910   7000 291044.044169 0 298693.153671 298060.927008 298693.153671   5500 298710.844610 1
19   2.50 0 308748.740291 308277.678062 308748.740291   4000 308761.038872 0 313317.734023 312777.743345 313317.734023   3000 313327.786028 0
20   5.00 0 323807.902569 323394.630547 323807.902569   2000 323827.950759 0 326367.290851 325844.637268 326367.290851   2000 326377.929282 1
21   3.00 0 333367.681908 332944.781340 333367.681908   6000 333378.009482 0 339920.718955 339394.874036 339920.718955   3000 339928.166691 1
22   2.00 0 347022.695127 346495.000784 347022.695127   2000 347028.281891 0 349569.059816 349045.022615 349569.059816   2500 349578.372373 1
23   2.50 0 356583.669133 356145.134607 356583.669133   6500 356595.147102 0 363624.120642 363111.910122 363624.120642   2500 363645.249935 0
24   3.00 0 371667.218125 371212.063497 371667.218125   3500 371678.682300 1 375907.209348 375195.470342 375907.209348   4000 375912.116012 0
25   2.00 1 384442.080990 383978.932622 384442.080990   4500 384462.190454 1 389481.019919 388979.019238 389481.019919   2000 389495.695962 0
--------
17 :Total Won