
trial ITIJitter choice1 rts1 stim1ons_ms choice1ons_ms jitter2 jitter2_ms state rts2 stim2ons_ms choice2ons_ms jitter3 jitter3_ms won

1   2.00 0 20686.544833 20039.671961 20686.544833   2500 20706.732572 1 25381.580328 23223.053848 25381.580328   3000 25389.724845 1
2   2.50 0 33775.077482 32956.556372 33775.077482   5500 33789.932532 0 41839.537481 39306.658659 41839.537481   5500 41856.707437 1
3   4.50 0 54060.314277 53423.579385 54060.314277   6000 54073.580716 0 60824.494120 60090.331064 60824.494120   6000 60840.301310 1
4   2.50 0 71305.033477 70907.173097 71305.033477   2500 71323.864867 1 75260.051925 73840.623395 75260.051925   2000 75273.871106 0
5   5.00 0 84775.238203 84340.702152 84775.238203   5500 84790.743519 0 91961.026425 90307.495311 91961.026425   2000 91974.149466 0
6   2.50 0 98938.090376 98540.987409 98938.090376   3500 98957.624642 0 103083.454035 102474.443802 103083.454035   3000 103091.035545 1
7   5.00 0 113079.338468 112657.825047 113079.338468   2000 113091.208457 0 116450.377568 115107.920951 116450.377568   3000 116457.900692 1
8   4.00 0 125619.374058 125024.720028 125619.374058   7500 125624.725354 0 133719.457178 133141.529436 133719.457178   4000 133724.869426 1
9   4.00 0 145130.034785 143291.727579 145130.034785   3000 145141.721917 1 148881.345340 148158.416766 148881.345340   3000 148891.790649 0
10   5.00 0 159567.959466 158958.629073 159567.959466   2500 159575.283051 1 162914.012914 162092.008537 162914.012914   2500 162925.390793 1
11   6.00 0 173913.272182 173492.207563 173913.272182   5000 173925.518472 0 179430.509668 178942.272990 179430.509668   4000 179442.255827 0
12   2.00 0 188145.214166 187509.049981 188145.214166   3500 188159.014420 0 192369.979170 191675.825239 192369.979170   2500 192375.817443 0
13   7.00 0 204357.433572 203942.679767 204357.433572   2000 204376.042967 0 207111.989680 206392.733004 207111.989680   3500 207126.033423 1
14   2.50 1 215973.962439 214692.879707 215973.962439   5500 215992.856064 1 222152.996819 221509.665279 222152.996819   4500 222159.653778 1
15   7.00 1 236271.976451 235726.562939 236271.976451   5500 236293.168621 0 243427.258982 241809.974949 243427.258982   3000 243443.260899 1
16   2.50 1 251580.205114 250543.438977 251580.205114   3000 251593.515183 1 255527.244578 254610.208749 255527.244578   5000 255543.557673 0
17   4.50 1 267609.221962 267110.398824 267609.221962   3500 267627.066565 1 271716.948186 271143.820602 271716.948186   2500 271727.085846 0
18   2.50 1 279143.267540 278793.913042 279143.267540   2000 279160.535020 1 281709.392661 281177.269328 281709.392661   2000 281727.248171 1
19   5.00 1 291396.875839 290794.145302 291396.875839   5500 291410.714589 1 297414.257846 296927.603684 297414.257846   3000 297427.529098 1
20   3.00 1 306413.956613 305494.363672 306413.956613   3500 306427.691423 1 310494.423662 309944.427816 310494.423662   4000 310511.082260 1
21   2.00 1 319184.947400 318577.945707 319184.947400   5500 319194.580758 1 325121.905024 324711.307527 325121.905024   4500 325127.917492 1
22   8.00 1 340311.258958 339694.917761 340311.258958   3500 340328.175481 1 344320.924718 343844.977639 344320.924718   2000 344328.291611 1
23   3.00 1 351987.495785 351395.128111 351987.495785   2000 351995.055160 1 354572.536667 354011.771503 354572.536667   2000 354578.482088 1
24   4.50 1 363758.344457 363145.278647 363758.344457   5500 363761.921398 1 369736.872548 369278.746653 369736.872548   2000 369745.339471 1
25   2.00 1 376930.380545 375812.144211 376930.380545   2000 376945.477159 1 379464.289461 378962.193181 379464.289461   4500 379478.887870 1
--------
18 :Total Won