
trial ITIJitter choice1 rts1 stim1ons_ms choice1ons_ms jitter2 jitter2_ms state rts2 stim2ons_ms choice2ons_ms jitter3 jitter3_ms won

1   4.50 1 18450.133117 18032.487924 18450.133117   8000 18466.242502 1 27128.245673 26499.275469 27128.245673   2000 27149.266855 1
2   4.50 1 36240.284115 35716.118593 36240.284115   6000 36249.370186 1 42744.764915 42266.223832 42744.764915   8000 42749.543579 1
3   5.00 1 58317.241271 57816.496209 58317.241271   2000 58333.144381 1 60866.195152 60349.847892 60866.195152   5000 60883.142472 1
4   4.50 1 73083.007479 72450.018590 73083.007479   4500 73100.076704 1 78135.276366 77616.787753 78135.276366   8000 78150.153552 1
5   3.00 0 91769.647590 91217.020206 91769.647590   6000 91783.680104 0 98364.218531 97800.435906 98364.218531   6000 98383.718151 0
6   2.00 1 108946.060377 108450.658911 108946.060377   2500 108950.602931 1 111965.709811 111467.337720 111965.709811   2500 111984.025993 1
7   3.00 1 119936.189945 119550.818381 119936.189945   4500 119950.836154 1 124933.093887 124467.638311 124933.093887   5500 124950.915713 0
8   5.00 1 137850.734428 137517.780282 137850.734428   3500 137867.796916 0 141892.189726 141384.526251 141892.189726   2500 141901.164799 0
9   3.50 1 150418.217824 149968.011243 150418.217824   2500 150434.641274 1 153583.042607 152951.338850 153583.042607   3500 153601.381244 0
10   3.00 1 162594.638952 162168.195769 162594.638952   6000 162601.524001 1 169114.298812 168618.298730 169114.298812   8000 169118.283171 0
11   2.50 1 182087.129783 181685.145495 182087.129783   5000 182101.802297 0 187639.187101 187118.674870 187639.187101   6500 187651.937370 1
12   4.00 1 200066.942685 199718.797930 200066.942685   4500 200085.472841 1 205090.259525 204602.288793 205090.259525   4000 205102.239871 0
13   6.00 1 217743.213517 217169.085352 217743.213517   2500 217752.428229 1 220800.170602 220269.137996 220800.170602   3500 220819.163676 0
14   4.50 1 231279.915334 230886.010441 231279.915334   4000 231285.997095 1 235769.620001 235302.723383 235769.620001   2000 235786.055000 1
15   5.00 1 245885.600135 244852.872251 245885.600135   3500 245902.896488 0 249889.628765 249419.647317 249889.628765   2000 249902.990803 1
16   3.50 0 257707.871098 256969.785919 257707.871098   3000 257719.762581 0 261200.989096 260736.466412 261200.989096   7000 261219.735794 1
17   2.50 0 272817.125622 272286.675270 272817.125622   2000 272836.637753 0 275326.254840 274853.441995 275326.254840   6000 275336.670314 1
18   2.50 1 285925.197670 285436.874376 285925.197670   2000 285936.881915 1 288426.638231 287953.621676 288426.638231   3000 288436.918968 0
19   6.50 0 300384.632757 300003.751457 300384.632757   2000 300403.765059 1 302980.125363 302420.483006 302980.125363   5000 302987.121089 0
20   6.00 1 316454.024443 316054.042921 316454.024443   2500 316470.721538 1 319408.839182 318987.456968 319408.839182   3000 319420.764990 0
21   3.00 0 327890.098419 327487.571334 327890.098419   4500 327904.229419 0 332931.613707 332420.994685 332931.613707   5000 332937.683278 0
22   5.00 0 345405.878181 345004.530043 345405.878181   6000 345421.157010 1 351852.878667 351437.989163 351852.878667   3500 351871.306809 0
23   5.50 1 363258.017079 362938.149724 363258.017079   4000 363271.489473 1 367758.140427 367288.211591 367758.140427   2000 367771.539037 0
24   6.00 1 378137.005488 377838.370083 378137.005488   5500 378155.025569 1 384096.072455 383671.806233 384096.072455   2500 384105.146015 1
25   5.00 1 394028.004718 393671.999035 394028.004718   2000 394038.648603 1 396709.033042 396055.347302 396709.033042   5000 396721.959753 1
--------
12 :Total Won