
trial ITIJitter choice1 rts1 stim1ons_ms choice1ons_ms jitter2 jitter2_ms state rts2 stim2ons_ms choice2ons_ms jitter3 jitter3_ms won

1   2.50 0 17359.795957 16586.056219 17359.795957   4000 17386.044606 0 22012.449357 21402.781480 22012.449357   3500 22019.455028 0
2   6.00 1 33965.773330 33602.972742 33965.773330   6000 33986.280909 1 41241.422641 40003.090605 41241.422641   2500 41253.104319 1
3   4.00 1 50243.819993 49819.959585 50243.819993   4000 50253.258946 1 54785.683832 54269.995178 54785.683832   3000 54803.346541 1
4   4.50 1 64747.791359 64370.142779 64747.791359   5000 64753.445813 1 70220.810159 69770.242677 70220.810159   3500 70236.827475 1
5   2.50 1 78817.815346 78303.690280 78817.815346   7000 78837.053191 1 86252.632099 85854.113113 86252.632099   2000 86270.581925 0
6   2.00 1 92885.419845 92337.286895 92885.419845   6000 92903.975024 0 99480.782525 98920.729863 99480.782525   2500 99487.367304 1
7   2.00 1 105969.818641 105554.171082 105969.818641   7000 105987.501881 0 113577.389436 113004.274043 113577.389436   3000 113587.626223 0
8   6.50 1 125661.386589 125154.480206 125661.386589   4000 125671.075126 1 130102.815389 129687.880972 130102.815389   2500 130121.198618 1
9   4.50 1 139667.897263 139188.073293 139667.897263   4000 139671.334334 1 144111.726944 143688.137935 144111.726944   7000 144121.423500 1
10   5.00 1 158497.783420 158188.350466 158497.783420   2000 158505.012048 1 160978.710306 160521.710746 160978.710306   7000 160988.358101 1
11   6.00 1 176459.734395 176055.282821 176459.734395   2500 176471.940906 1 179452.815983 178988.721890 179452.815983   2000 179471.971061 0
12   2.50 1 186416.302958 186038.809966 186416.302958   2500 186422.095997 1 189452.724875 188938.846826 189452.724875   8000 189472.113176 0
13   3.00 1 203196.650572 202539.084733 203196.650572   5000 203205.739530 1 208653.580518 208222.503993 208653.580518   3000 208672.503977 1
14   3.50 1 217760.570501 217239.357960 217760.570501   6500 217772.675638 1 224780.798020 224289.428392 224780.798020   2500 224789.448121 1
15   8.00 1 237783.238039 237356.304991 237783.238039   3500 237789.662417 1 241760.604827 241306.448855 241760.604827   3000 241772.976550 0
16   3.00 1 250354.665694 249839.880097 250354.665694   2000 250373.211891 1 252847.570680 252389.893587 252847.570680   2000 252856.567247 0
17   7.00 0 264444.727926 263923.386744 264444.727926   3000 264456.716612 0 267961.634023 267473.470489 267961.634023   5000 267973.477065 1
18   5.00 0 280111.631666 279573.774641 280111.631666   4000 280123.680341 0 284666.884170 284140.388664 284666.884170   3500 284673.713721 1
19   2.50 0 292663.262317 292240.545248 292663.262317   7500 292673.814453 1 300747.538247 300190.663447 300747.538247   2500 300757.348688 0
20   5.00 0 310695.513169 310324.182460 310695.513169   3500 310707.499289 0 314728.286607 314224.262308 314728.286607   5000 314740.930691 1
21   4.50 0 326300.621489 325807.747621 326300.621489   4000 326307.777295 0 330784.909738 330324.490110 330784.909738   3000 330791.134577 1
22   6.50 0 342311.754918 341858.043256 342311.754918   2500 342324.690931 1 345414.215500 344841.429570 345414.215500   2000 345424.682302 0
23   3.00 0 352855.678626 352491.527142 352855.678626   5000 352874.799699 0 358441.677101 357891.612283 358441.677101   2000 358458.289825 1
24   7.50 0 369868.549517 369525.190163 369868.549517   4000 369875.142316 0 374382.625179 373891.875661 374382.625179   4500 374391.802037 1
25   4.50 0 385344.215574 384958.717293 385344.215574   2000 385358.726083 1 387876.561864 387375.456862 387876.561864   4000 387892.109205 1
--------
16 :Total Won