
trial ITIJitter choice1 rts1 stim1ons_ms choice1ons_ms jitter2 jitter2_ms state rts2 stim2ons_ms choice2ons_ms jitter3 jitter3_ms won

1   2.50 1 20007.709510 19533.790540 20007.709510   2500 20034.134600 1 23025.491557 22567.173181 23025.491557   3500 23033.824385 0
2   3.50 1 32523.052661 32100.668904 32523.052661   3500 32533.974680 1 36571.109419 36050.749890 36571.109419   4500 36584.042867 0
3   3.00 1 47499.102236 46150.906795 47499.102236   2500 47517.621806 1 50533.114931 50034.305267 50533.114931   2500 50550.980386 0
4   4.50 1 59993.466550 59617.789297 59993.466550   2500 60001.142375 1 62857.638084 62517.868182 62857.638084   2000 62867.808465 0
5   2.50 1 69940.516279 69434.628763 69940.516279   3500 69951.325377 1 73950.503803 73468.025198 73950.503803   2000 73967.989429 1
6   6.50 1 85025.360990 84534.894740 85025.360990   5500 85034.891692 0 91048.409641 90551.632256 91048.409641   4500 91068.310263 1
7   3.00 1 100612.551565 100135.134251 100612.551565   5000 100618.436354 1 106080.453896 105635.215895 106080.453896   8000 106085.206896 0
8   3.50 1 120635.409018 119652.146212 120635.409018   3500 120652.064408 1 124611.606162 124168.856941 124611.606162   3000 124618.835111 0
9   5.00 1 135090.349992 134685.706577 135090.349992   4000 135102.370758 1 139576.318600 139119.086780 139576.318600   2000 139585.775838 0
10   4.00 1 148013.427482 147652.576408 148013.427482   2000 148019.256773 1 150496.520102 150035.951301 150496.520102   7000 150502.550214 0
11   7.50 1 167965.338964 167069.614002 167965.338964   2500 167969.597288 1 171074.023102 170486.316357 171074.023102   3500 171086.284470 1
12   3.00 1 180046.080940 179653.113751 180046.080940   4000 180053.093027 1 184548.359435 184069.842092 184548.359435   4000 184553.187824 1
13   2.00 1 193073.066150 192619.999942 193073.066150   2000 193086.629653 1 195611.321611 195103.388983 195611.321611   2000 195620.032664 0
14   2.00 1 202106.368270 201686.801795 202106.368270   2500 202120.152484 1 205143.351590 204636.875724 205143.351590   7000 205153.537370 0
15   2.00 1 216618.033748 216220.364886 216618.033748   8000 216637.077187 1 225179.343312 224653.874693 225179.343312   3000 225187.210015 0
16   4.00 1 234760.339203 234254.090464 234760.339203   2000 234770.608391 1 237265.649596 236787.413917 237265.649596   2500 237270.708321 1
17   3.00 1 245258.960236 244837.562304 245258.960236   3000 245270.825093 1 248755.437351 248287.655320 248755.437351   5000 248770.888772 0
18   2.00 1 258282.449348 257837.749010 258282.449348   4000 258287.703440 1 262777.023786 262304.610340 262777.023786   2000 262787.832884 1
19   2.50 1 269933.386779 269354.579719 269933.386779   4000 269937.927729 1 274423.505280 273954.680002 274423.505280   6500 274437.959007 1
20   5.00 1 288399.432630 288004.904098 288399.432630   3500 288404.866051 0 292418.240280 291921.630674 292418.240280   6000 292438.225914 0
21   2.00 1 302997.950397 302505.126253 302997.950397   2500 303005.151757 1 306012.313658 305521.862486 306012.313658   4000 306021.871949 1
22   5.50 1 317940.942304 317588.731707 317940.942304   4000 317955.408543 0 322450.990941 321972.151191 322450.990941   6000 322472.084946 0
23   4.50 1 335366.474089 335039.043510 335366.474089   2500 335372.317495 1 338329.305666 337889.053246 338329.305666   5500 338339.053230 1
24   2.50 1 349434.314377 348405.896466 349434.314377   5000 349439.213342 1 354930.237467 354455.992883 354930.237467   5000 354939.343107 1
25   3.00 1 365486.305450 365039.512201 365486.305450   3500 365506.206714 1 369537.931771 369022.910064 369537.931771   3000 369556.540203 1
--------
11 :Total Won