
trial ITIJitter choice1 rts1 stim1ons_ms choice1ons_ms jitter2 jitter2_ms state rts2 stim2ons_ms choice2ons_ms jitter3 jitter3_ms won

1   8.00 1 23088.574353 22604.121534 23088.574353   3500 23104.364541 1 27138.586079 26620.852313 27138.586079   8000 27154.157159 0
2   3.00 0 40560.998387 40221.077708 40560.998387   5500 40571.039485 0 46597.494730 46087.796730 46597.494730   3500 46604.474095 1
3   2.00 0 54602.869765 53671.343637 54602.869765   5000 54621.335440 0 60164.933214 59638.047292 60164.933214   2000 60171.405070 1
4   4.50 0 68616.453157 68238.200186 68616.453157   8000 68621.515731 0 77154.942161 76638.331202 77154.942161   4500 77171.683526 1
5   3.50 0 87106.780821 86738.533339 87106.780821   2500 87121.868773 0 90129.774614 89638.553196 90129.774614   2000 90138.553998 1
6   2.00 0 96040.891649 95705.339971 96040.891649   2000 96055.379382 0 98597.992294 98072.038301 98597.992294   7000 98605.348280 1
7   4.50 1 112153.905971 111672.246694 112153.905971   3500 112172.270273 0 116163.863019 115688.983889 116163.863019   2000 116172.329621 1
8   3.00 0 123149.759928 122739.093459 123149.759928   4000 123155.770792 0 127608.910143 127172.536539 127608.910143   8000 127622.504763 1
9   7.50 0 145205.008423 144689.458997 145205.008423   4000 145222.794960 0 149744.892915 149239.526381 149744.892915   4000 149756.218503 1
10   5.00 0 160904.480928 160323.036877 160904.480928   2500 160923.047014 0 163921.979707 163439.901142 163921.979707   2500 163939.802174 1
11   5.50 1 174021.873553 173506.665140 174021.873553   6000 174039.939189 0 180499.899108 180056.707822 180499.899108   5500 180506.703636 1
12   3.50 0 191581.825805 191106.879628 191581.825805   2500 191590.224077 0 194607.744028 194106.945071 194607.744028   3000 194623.628211 1
13   5.50 0 205359.795636 204690.461182 205359.795636   3000 205373.830717 1 209093.849298 208390.546419 209093.849298   3500 209107.143648 0
14   3.00 1 218055.800274 217674.005009 218055.800274   6000 218073.985568 1 224587.415778 224090.730142 224587.415778   2500 224607.437021 0
15   3.50 0 233062.392110 232674.296618 233062.392110   7500 233074.282952 1 240999.804632 240591.040838 240999.804632   5500 241007.710793 0
16   2.00 0 251439.676580 250574.571513 251439.676580   3500 251457.907750 0 255457.098687 254974.624894 255457.098687   2500 255474.582067 1
17   7.50 1 267492.795592 267041.480000 267492.795592   3000 267508.160397 1 271036.659311 270524.851076 271036.659311   3500 271041.529724 0
18   6.00 1 283013.421066 282608.396219 283013.421066   6000 283025.021261 1 289650.428319 289041.915970 289650.428319   3500 289658.515412 1
19   6.50 1 302314.854826 301725.407090 302314.854826   2000 302325.308154 0 304854.810536 304342.156667 304854.810536   4000 304875.394787 1
20   6.00 0 316986.853861 316442.274434 316986.853861   3000 316992.279583 0 320510.890421 320009.013570 320510.890421   2500 320525.660780 0
21   7.50 1 333038.631600 332592.560156 333038.631600   2000 333042.553724 1 335586.840901 335059.277124 335586.840901   2500 335592.565289 0
22   6.50 1 347086.381031 346659.490329 347086.381031   8000 347092.757609 1 355626.860290 355109.588479 355626.860290   2000 355642.939199 1
23   6.00 1 366010.837328 365709.759658 366010.837328   2500 366026.400068 1 369096.578680 368543.164691 369096.578680   4500 369109.831326 1
24   2.00 1 378210.701051 377676.671514 378210.701051   4500 378226.633034 1 383250.376541 382743.379692 383250.376541   7000 383260.054171 1
25   3.50 1 396267.373586 395826.954349 396267.373586   3000 396276.939576 1 399822.633790 399293.668751 399822.633790   3500 399826.990279 0
--------
17 :Total Won