
trial ITIJitter choice1 rts1 stim1ons_ms choice1ons_ms jitter2 jitter2_ms state rts2 stim2ons_ms choice2ons_ms jitter3 jitter3_ms won

1   3.50 1 19371.999580 18958.821874 19371.999580   7500 19392.542127 1 27372.119560 26909.009046 27372.119560   5000 27392.282277 1
2   4.50 1 39317.843737 38959.350556 39317.843737   7500 39326.270033 1 47278.833911 46842.619745 47278.833911   5000 47292.620370 0
3   6.00 1 60733.934003 60359.499215 60733.934003   6000 60742.836896 1 67214.981190 66759.627344 67214.981190   2000 67226.293946 0
4   2.00 1 73605.496811 73293.059869 73605.496811   5500 73609.727546 0 79706.127861 79126.459127 79706.127861   2000 79726.450016 1
5   2.00 1 86089.559857 85293.286034 86089.559857   5000 86109.936549 1 91601.097656 91126.683688 91601.097656   6500 91609.978734 0
6   6.50 1 107644.914697 106676.941950 107644.914697   2000 107660.269878 1 110197.785569 109677.000977 110197.785569   2000 110210.312240 0
7   8.00 1 122696.526903 122277.183065 122696.526903   4000 122710.525092 1 127273.426796 126727.265174 127273.426796   6000 127293.943036 1
8   5.50 1 141296.747807 140860.853160 141296.747807   2500 141310.799570 1 144366.077899 143827.591141 144366.077899   3000 144377.517051 1
9   5.00 1 154939.022947 154444.387235 154939.022947   4000 154944.368789 0 159510.066922 158961.121703 159510.066922   5500 159527.762673 1
10   4.00 1 171071.927304 170594.716586 171071.927304   3500 171077.954529 1 175068.449170 174594.730060 175068.449170   3000 175078.054619 0
11   2.50 1 183209.817242 182644.841554 183209.817242   4000 183228.185073 1 187680.495472 187244.927080 187680.495472   2000 187694.951766 0
12   5.50 1 197805.925146 197261.773027 197805.925146   2500 197811.713053 0 200853.748682 200328.473506 200853.748682   2000 200861.837701 1
13   5.00 1 209900.473471 209428.641317 209900.473471   2500 209911.918719 1 212927.833699 212428.679493 212927.833699   2500 212945.348197 1
14   5.50 1 223366.408004 223012.151012 223366.408004   2000 223378.860890 1 225869.727501 225395.569855 225869.727501   4500 225878.851106 0
15   3.50 1 236291.419609 235945.717119 236291.419609   3500 236312.417694 0 240363.759143 239829.144463 240363.759143   4000 240379.052409 1
16   3.00 1 249372.697966 248945.935585 249372.697966   3000 249379.286594 1 252890.018218 252396.009995 252890.018218   2500 252895.960431 1
17   2.00 1 259936.493745 259462.782013 259936.493745   2500 259946.082833 1 262892.786738 262462.815697 262892.786738   2000 262912.857706 1
18   2.00 1 269755.727035 269013.014610 269755.727035   2500 269762.858781 1 272743.844213 272279.658372 272743.844213   7000 272762.994480 1
19   5.50 1 288061.722597 287329.906207 288061.722597   8000 288079.907571 0 296599.884062 296096.701227 296599.884062   3500 296613.339775 0
20   3.00 1 305523.035016 305180.272034 305523.035016   8000 305530.187294 1 314017.975490 313546.990574 314017.975490   5500 314030.348176 1
21   6.50 1 328416.755609 328097.227342 328416.755609   8000 328430.585056 0 336909.706149 336447.367805 336909.706149   3000 336930.635582 0
22   2.50 1 344862.695204 344497.493094 344862.695204   6000 344880.831095 1 351398.867377 350897.604220 351398.867377   2000 351414.310136 1
23   7.00 1 362909.750419 362481.123217 362909.750419   2000 362914.495720 1 365495.775842 364931.205005 365495.775842   4500 365514.518048 0
24   4.00 1 376531.922511 376081.377164 376531.922511   3500 376547.970303 1 380534.786309 380064.773422 380534.786309   2500 380548.096699 1
25   3.50 1 389056.690820 388614.892135 389056.690820   3500 389064.888269 1 393166.667789 392581.618567 393166.667789   5500 393181.635441 1
--------
15 :Total Won