
trial ITIJitter choice1 rts1 stim1ons_ms choice1ons_ms jitter2 jitter2_ms state rts2 stim2ons_ms choice2ons_ms jitter3 jitter3_ms won

1   6.00 1 27660.912444 27377.571908 27660.912444   3500 27677.950872 1 31653.778452 31194.290753 31653.778452   3500 31660.950619 1
2   3.00 1 40679.073357 40227.783750 40679.073357   3500 40694.512909 0 44704.051631 44211.171989 44704.051631   2000 44711.174715 0
3   2.50 0 51627.627327 51278.028698 51627.627327   2500 51644.625655 1 54494.968063 54161.337346 54494.968063   7000 54511.324466 1
4   2.50 0 66469.089298 66078.229135 66469.089298   7500 66478.208091 0 74813.098275 73995.002228 74813.098275   2000 74828.340534 0
5   7.00 0 86231.941663 85895.213283 86231.941663   2500 86245.193025 1 89163.027972 88761.900866 89163.027972   2000 89178.578200 1
6   4.00 0 97597.455592 97245.421436 97597.455592   6000 97612.082232 1 103966.882342 103628.813331 103966.882342   2000 103978.810717 0
7   7.50 1 115944.473370 115545.677532 115944.473370   2500 115962.354223 0 118803.970821 118479.052120 118803.970821   2500 118812.380962 0
8   2.00 0 125728.053063 125379.162444 125728.053063   2500 125745.871040 1 128645.451720 128262.561879 128645.451720   7000 128662.509395 0
9   2.00 0 140103.479449 139729.392732 140103.479449   3500 140112.734903 1 143952.839561 143629.465522 143952.839561   7500 143962.841201 1
10   2.00 0 155954.880503 155529.674973 155954.880503   3500 155963.019246 1 160082.873384 159479.722596 160082.873384   2000 160096.432074 1
11   5.00 0 169483.866714 169163.222698 169483.866714   3000 169496.553786 0 173444.029220 172513.284244 173444.029220   2000 173463.284709 0
12   2.50 0 180302.074401 180030.067474 180302.074401   3500 180313.404481 1 184173.391155 183830.235831 184173.391155   2500 184180.111953 1
13   5.50 0 194620.956573 194246.960964 194620.956573   4500 194630.302814 1 199521.104431 199147.053002 199521.104431   3000 199530.349940 1
14   2.50 0 207657.002832 207097.200715 207657.002832   3500 207663.830457 1 211890.448414 211180.600535 211890.448414   3000 211897.271227 1
15   6.50 0 223875.815679 223464.132910 223875.815679   3000 223880.775596 0 227716.964868 226897.512149 227716.964868   3500 227730.825753 0
16   3.50 0 237149.997000 236797.678934 237149.997000   7500 237164.334277 0 245464.816538 244681.109487 245464.816538   2000 245481.140220 0
17   2.50 0 252396.878726 252047.932608 252396.878726   4000 252414.586988 1 256812.892321 256431.324504 256812.892321   2000 256831.284853 0
18   4.50 1 265677.753258 265398.131457 265677.753258   2500 265698.140215 0 268588.835005 268214.837150 268588.835005   7500 268598.139542 1
19   2.00 1 280227.764823 279665.060733 280227.764823   7500 280248.394948 0 288091.929620 287765.197747 288091.929620   4500 288098.495151 1
20   2.00 1 296650.409391 296198.642110 296650.409391   2500 296665.312883 0 299541.430436 299182.046389 299541.430436   5000 299548.704297 0
21   3.00 1 309996.851651 309615.520265 309996.851651   2000 310015.598348 1 312638.763642 312032.229358 312638.763642   5000 312648.911888 0
22   2.50 1 322540.398417 322215.740207 322540.398417   5500 322549.337881 0 328433.665395 328065.873131 328433.665395   8000 328449.148576 1
23   7.00 1 345366.788475 345016.112914 345366.788475   6000 345382.779806 0 351743.974459 351399.544269 351743.974459   3000 351749.520161 1
24   8.00 1 364737.726522 364316.446324 364737.726522   4000 364749.794125 0 369173.752698 368766.480313 369173.752698   5500 369183.131661 0
25   6.50 1 383581.279159 383250.067288 383581.279159   5000 383600.084242 1 389346.751512 388616.827533 389346.751512   4000 389366.786229 1
--------
13 :Total Won