
trial ITIJitter choice1 rts1 stim1ons_ms choice1ons_ms jitter2 jitter2_ms state rts2 stim2ons_ms choice2ons_ms jitter3 jitter3_ms won

1   2.00 1 16713.507907 16226.192894 16713.507907   7000 16726.547219 0 24528.419034 23742.978049 24528.419034   2500 24542.918957 1
2   5.00 1 33894.094327 33609.833090 33894.094327   3500 33909.815221 0 37741.110340 37426.539424 37741.110340   4500 37759.877569 1
3   4.00 1 48365.475433 47826.722730 48365.475433   4000 48376.731087 0 52675.663234 52393.480152 52675.663234   2500 52693.587716 1
4   2.00 1 59119.114048 58760.249058 59119.114048   3000 59126.890926 0 62491.052676 62143.586096 62491.052676   2000 62510.273840 1
5   8.00 1 74400.590725 74077.139372 74400.590725   2000 74410.476875 0 76730.498536 76427.133870 76730.498536   2500 76743.870840 0
6   3.50 1 85108.624148 84810.689695 85108.624148   2500 85127.331708 0 88531.532737 87644.060081 88531.532737   3000 88544.046255 1
7   2.50 1 96303.603663 95610.850994 96303.603663   3000 96310.792191 0 99601.102147 99327.509497 99601.102147   5000 99610.879546 1
8   5.50 1 112537.545526 111677.786942 112537.545526   2000 112544.429292 1 115256.465039 114561.133765 115256.465039   4500 115277.833972 0
9   2.50 1 124661.522930 124344.625879 124661.522930   2500 124677.986160 0 127527.116578 127194.668337 127527.116578   4500 127544.666364 0
10   3.00 1 137368.574058 137111.530613 137368.574058   7000 137378.174695 1 145120.002348 144394.946858 145120.002348   7000 145128.290585 1
11   3.50 0 157956.425485 157695.188518 157956.425485   2500 157961.947768 1 161009.984316 160478.538196 161009.984316   6500 161028.572858 0
12   2.00 0 171893.509184 171595.392195 171893.509184   3500 171912.085857 1 175812.758226 175428.843102 175812.758226   2500 175828.809225 1
13   4.50 0 185284.943903 184895.620381 185284.943903   3000 185295.632379 1 188715.026583 188312.335890 188715.026583   2000 188729.062306 1
14   4.50 0 197790.381655 197295.830955 197790.381655   5500 197795.840098 1 204226.543530 203312.587399 204226.543530   3000 204245.926378 1
15   4.00 0 213656.300596 213346.075583 213656.300596   2000 213662.703801 1 216021.306376 215679.451583 216021.306376   5000 216029.494522 1
16   3.50 0 227096.524465 226596.259322 227096.524465   2500 227113.041911 1 230196.452637 229629.684309 230196.452637   3000 230213.038093 0
17   2.50 0 238373.448001 237779.812196 238373.448001   5000 238379.796990 1 243702.422279 243396.593854 243702.422279   2000 243713.208599 1
18   2.50 0 250607.311587 250280.044296 250607.311587   5500 250613.381479 1 256473.477867 256130.112419 256473.477867   3000 256480.123278 1
19   2.50 0 264470.572686 264046.942614 264470.572686   2000 264480.244220 0 268257.471074 266496.950618 268257.471074   2500 268263.614430 0
20   2.50 0 275780.916396 275330.428473 275780.916396   2000 275797.101812 0 278393.005365 277813.787999 278393.005365   3000 278413.806798 0
21   6.00 0 289772.422526 289480.622125 289772.422526   2500 289780.685740 1 292623.445675 292297.355085 292623.445675   4000 292630.702534 1
22   2.00 0 301078.913406 300697.523634 301078.913406   2500 301097.518951 1 303957.216903 303614.211715 303957.216903   4000 303964.246955 1
23   2.50 0 312933.307541 312531.029719 312933.307541   6000 312947.692937 0 319478.970316 318964.454834 319478.970316   8000 319497.798818 0
24   2.00 0 331868.510379 331564.669964 331868.510379   2000 331881.338283 1 334276.936689 333898.049814 334276.936689   2000 334298.035506 1
25   4.00 0 342741.464826 342364.854682 342741.464826   4000 342748.149054 1 347424.434001 346764.918970 347424.434001   2500 347431.602639 1
--------
17 :Total Won