
trial ITIJitter choice1 rts1 stim1ons_ms choice1ons_ms jitter2 jitter2_ms state rts2 stim2ons_ms choice2ons_ms jitter3 jitter3_ms won

1   2.50 1 26438.419358 26093.715524 26438.419358   5000 26460.817101 0 31782.769027 31477.158748 31782.769027   4000 31793.798836 1
2   3.00 1 40852.287109 40360.697731 40852.287109   3500 40860.643355 1 44830.317956 44377.358575 44830.317956   3000 44844.004967 0
3   6.00 1 56216.555044 55910.866489 56216.555044   4500 56227.576833 0 61111.587716 60744.280825 61111.587716   2500 61127.611768 1
4   5.00 1 70609.341622 70194.428378 70609.341622   5500 70627.778425 0 76542.582436 76144.548823 76542.582436   7000 76561.191188 0
5   2.00 1 88022.527348 87628.070996 88022.527348   3500 88028.110262 0 91894.403580 91544.820028 91894.403580   5000 91911.466388 1
6   3.00 1 102393.465715 101478.292462 102393.465715   2000 102411.665446 0 104914.399801 104428.339122 104914.399801   4500 104928.310731 1
7   4.00 1 115680.298820 114995.202087 115680.298820   3000 115695.182422 0 119082.455700 118711.898765 119082.455700   4000 119095.261468 1
8   4.50 1 129512.032796 129162.073265 129512.032796   2000 129528.712888 0 131919.581392 131545.441422 131919.581392   6000 131928.808616 0
9   4.50 1 144928.906781 144495.621215 144928.906781   5500 144945.620557 0 150776.346574 150462.420469 150776.346574   2000 150795.762785 0
10   2.50 0 157628.270214 157362.540096 157628.270214   3500 157645.864591 1 161483.290875 161162.619591 161483.290875   5500 161495.933355 0
11   5.00 0 174341.429410 174062.758466 174341.429410   6500 174346.090340 1 181185.531901 180862.930672 181185.531901   2500 181196.250853 0
12   6.50 1 192555.456535 192263.117507 192555.456535   6000 192563.117604 0 198922.541431 198579.872443 198922.541431   5500 198929.878169 1
13   3.00 1 209568.995977 208996.725575 209568.995977   3000 209580.047601 0 212945.927886 212596.776134 212945.927886   4000 212963.475426 1
14   4.50 1 223951.951903 223030.282732 223951.951903   2000 223963.574233 0 226400.346915 225980.341262 226400.346915   7500 226413.670457 1
15   2.00 1 237894.917183 237480.502786 237894.917183   3500 237913.798939 0 241768.286748 241430.604946 241768.286748   7500 241780.549720 1
16   7.50 1 258697.942281 258347.520474 258697.942281   3500 258714.191215 1 263037.453616 262230.921513 263037.453616   6000 263047.568819 0
17   5.50 1 277035.326058 276614.484075 277035.326058   4000 277047.826102 0 281462.247236 281064.556560 281462.247236   4000 281481.247047 1
18   2.50 1 290265.362800 289581.434427 290265.362800   2000 290281.399042 0 292728.843840 292298.073040 292728.843840   2000 292748.082327 0
19   2.50 0 299562.143649 299314.863487 299562.143649   2000 299581.529384 1 302245.422719 301598.232574 302245.422719   3500 302264.896995 1
20   3.50 0 311636.924485 311331.774557 311636.924485   3500 311648.349202 1 315600.284423 315165.119279 315600.284423   8000 315615.122150 1
21   4.00 0 330081.234407 329682.044945 330081.234407   3500 330098.693085 1 334071.307835 333615.388416 334071.307835   3000 334082.097043 1
22   5.00 0 344669.182074 344148.956319 344669.182074   3000 344682.267581 0 348576.375061 347699.005418 348576.375061   5000 348582.317594 0
23   4.00 0 360239.376567 359649.187136 360239.376567   2500 360249.212351 1 363257.299766 362765.898057 363257.299766   2000 363265.888594 0
24   2.50 0 370286.464824 369832.649544 370286.464824   4500 370299.354643 1 375431.178219 374816.111888 375431.178219   3500 375449.452696 0
25   5.00 0 386340.400598 386016.298017 386340.400598   4000 386349.611782 0 390930.335953 390366.353468 390930.335953   3500 390949.689287 0
--------
13 :Total Won