
trial ITIJitter choice1 rts1 stim1ons_ms choice1ons_ms jitter2 jitter2_ms state rts2 stim2ons_ms choice2ons_ms jitter3 jitter3_ms won

1   4.50 1 19789.310818 19514.670108 19789.310818   3000 19814.892841 0 23071.850632 22831.350938 23071.850632   7000 23081.364332 1
2   2.50 1 34528.267936 34148.209813 34528.267936   3000 34548.239135 1 38047.853050 37564.930134 38047.853050   5000 38064.932861 1
3   2.00 1 47474.294629 47131.747545 47474.294629   6000 47481.745252 0 53920.302555 53498.545324 53920.302555   2000 53931.844364 0
4   6.00 1 64385.292967 63998.685675 64385.292967   4000 64398.700560 1 68897.120771 68415.437434 68897.120771   2500 68915.460692 1
5   2.50 1 76309.825294 75982.277302 76309.825294   3000 76315.642715 0 79780.849669 79332.275329 79780.849669   4500 79798.951234 0
6   5.00 1 91622.753384 91365.773779 91622.753384   2000 91632.482021 0 94149.332620 93649.171096 94149.332620   5000 94165.912943 0
7   5.50 1 106995.214278 106732.740620 106995.214278   6000 106999.407158 0 113415.318096 113016.165847 113415.318096   5000 113432.842859 1
8   6.50 1 126754.289201 126499.728441 126754.289201   8000 126766.394979 0 135098.290479 134783.192485 135098.290479   4500 135116.547954 0
9   3.50 1 145586.725412 145183.314197 145586.725412   7000 145600.100924 0 152910.779231 152616.810851 152910.779231   2000 152916.808702 1
10   3.00 1 159888.819703 159483.644399 159888.819703   3000 159900.274895 0 163264.173266 162916.980010 163264.173266   2500 163283.673528 0
11   3.50 1 171669.344720 171350.455490 171669.344720   4500 171683.805185 1 176752.864841 176200.562430 176752.864841   5000 176767.244142 0
12   2.00 1 186321.346572 185834.039579 186321.346572   3000 186334.034606 1 189843.363364 189350.746458 189843.363364   5500 189850.756884 1
13   3.50 1 201420.240479 200917.618405 201420.240479   3000 201434.247971 1 204853.683238 204451.010189 204853.683238   4500 204867.597698 0
14   6.00 1 217727.746697 217434.571019 217727.746697   6500 217734.563737 1 224673.334533 224251.338947 224673.334533   7500 224684.676482 0
15   3.00 0 237569.176267 237251.543618 237569.176267   2500 237584.861232 1 240629.140549 240101.598267 240629.140549   6000 240634.922361 0
16   2.00 0 251384.219244 250701.793507 251384.219244   2000 251401.774804 1 253739.880706 253418.473824 253739.880706   3000 253751.829292 0
17   5.00 1 264030.271825 263818.699796 264030.271825   2000 264035.295261 0 266401.089251 266052.018662 266401.089251   4500 266418.650906 1
18   2.00 1 274979.751950 274485.523335 274979.751950   6500 274985.476338 0 281859.281551 281502.237112 281859.281551   3000 281868.939291 1
19   5.50 1 292324.728144 291935.751409 292324.728144   2500 292335.779447 0 295214.670653 294852.519369 295214.670653   2500 295235.805400 1
20   4.50 1 304083.262837 303802.666441 304083.262837   3000 304102.642798 0 307436.192993 307119.357537 307436.192993   6500 307452.695040 0
21   4.00 1 320253.698765 320019.553835 320253.698765   4500 320269.549264 0 324997.174698 324786.310358 324997.174698   3500 325002.979607 1
22   2.50 1 332984.014123 332603.128331 332984.014123   2000 333003.109211 0 335301.648055 335019.927248 335301.648055   2000 335319.818593 1
23   3.50 1 342643.106979 342386.628465 342643.106979   2000 342653.284097 1 345110.117160 344669.996269 345110.117160   5000 345119.977646 0
24   4.50 0 356901.965200 356686.866276 356901.965200   4000 356920.165572 1 361227.028903 360936.902126 361227.028903   7000 361236.916658 0
25   2.50 1 373325.272545 372803.764545 373325.272545   3000 373337.117191 0 376642.184032 376353.809153 376642.184032   6000 376653.830101 1
--------
12 :Total Won