
trial ITIJitter choice1 rts1 stim1ons_ms choice1ons_ms jitter2 jitter2_ms state rts2 stim2ons_ms choice2ons_ms jitter3 jitter3_ms won

1   4.00 1 19688.698696 19409.522169 19688.698696   5000 19709.707047 0 25146.230145 24726.111891 25146.230145   3500 25159.435312 0
2   3.00 1 34179.827723 33726.248553 34179.827723   2000 34192.911947 0 36609.525120 36209.621553 36609.525120   2000 36626.261032 1
3   6.50 1 47220.256776 46693.089511 47220.256776   2000 47226.432533 0 49770.699178 49243.201166 49770.699178   2500 49776.481631 0
4   3.00 1 57709.638716 57343.271133 57709.638716   5000 57726.680994 0 63253.839597 62743.449306 63253.839597   2500 63260.071494 0
5   2.50 1 70767.656052 70326.861156 70767.656052   2000 70776.885842 0 73362.687665 72793.566576 73362.687665   2500 73376.879297 0
6   6.50 0 84995.781135 84443.761671 84995.781135   2000 85010.443383 1 87297.689681 87027.132779 87297.689681   6500 87310.464011 0
7   4.50 0 101033.692856 100377.365633 101033.692856   5500 101044.040320 1 107012.660445 106560.787620 107012.660445   7000 107027.467375 1
8   2.50 1 119728.255168 118594.343173 119728.255168   2500 119744.330228 1 122627.766234 122261.037749 122627.766234   2500 122644.386336 0
9   5.50 0 133405.259033 132711.230535 133405.259033   3000 133411.224985 1 136684.253986 136427.930100 136684.253986   5000 136694.618773 1
10   3.50 1 147651.610153 147261.476606 147651.610153   2000 147661.471922 0 150089.707425 149678.164847 150089.707425   2000 150094.803684 0
11   7.50 1 161894.596061 161661.714128 161894.596061   3500 161911.706027 0 165938.710806 165428.438892 165938.710806   4500 165945.097971 0
12   6.00 1 178562.616190 178511.984034 178562.616190   7500 178578.663341 1 186507.169440 186095.444646 186507.169440   3000 186512.108185 1
13   2.50 1 194950.602931 194078.909235 194950.602931   5500 194962.251567 0 200940.237182 200479.032231 200940.237182   4000 200945.677660 0
14   4.50 1 212040.708472 211512.526831 212040.708472   8000 212045.852209 0 220624.465183 220062.671850 220624.465183   2000 220629.353562 0
15   7.50 1 232431.191371 232196.227434 232431.191371   2000 232446.214843 0 234950.225989 234462.938243 234950.225989   2500 234962.945461 1
16   3.50 1 242979.782426 242529.712828 242979.782426   4000 242996.390017 0 247298.136238 247013.125929 247298.136238   3500 247313.125704 0
17   4.00 0 257388.594981 256879.928038 257388.594981   2500 257396.644541 1 260251.227949 259913.326077 260251.227949   4500 260263.353618 0
18   3.50 1 270764.214169 270330.174718 270764.214169   7000 270780.174381 1 278266.505817 277796.960338 278266.505817   3000 278280.312807 0
19   5.50 1 289097.633477 288847.206570 289097.633477   4500 289113.810231 1 293927.507764 293630.611747 293927.507764   2500 293947.244136 0
20   5.50 1 304294.223096 304014.074219 304294.223096   7000 304314.214185 0 311735.676598 311330.855781 311735.676598   4000 311747.533756 1
21   2.50 1 320389.681537 319814.326626 320389.681537   5500 320397.678806 0 326260.497519 325914.430277 326260.497519   5500 326281.071183 1
22   3.50 1 337316.591326 336847.938640 337316.591326   2000 337331.296562 0 339751.617242 339347.949386 339751.617242   2500 339764.621266 1
23   6.00 1 350094.506621 349831.489204 350094.506621   2000 350114.817228 0 352611.582102 352131.527796 352611.582102   2000 352631.561962 0
24   5.00 1 361955.650107 361698.366381 361955.650107   4500 361965.022974 0 366847.434981 366481.760971 366847.434981   3000 366865.094160 1
25   5.00 1 376847.500103 376431.924083 376847.500103   2000 376865.291774 0 379338.602504 378881.972829 379338.602504   4000 379348.698459 1
--------
10 :Total Won