
trial ITIJitter choice1 rts1 stim1ons_ms choice1ons_ms jitter2 jitter2_ms state rts2 stim2ons_ms choice2ons_ms jitter3 jitter3_ms won

1   6.50 1 24793.451728 23803.340446 24793.451728   3500 24820.372778 1 29074.117418 28403.340959 29074.117418   5500 29087.038996 0
2   2.00 1 39538.030899 38653.529189 39538.030899   5500 39553.958104 0 45601.835179 45070.272287 45601.835179   2500 45620.313686 0
3   2.50 1 53802.023554 52687.155318 53802.023554   5000 53820.851094 0 59990.123794 58837.203968 59990.123794   3500 60003.867908 0
4   6.50 1 72737.976748 72070.736487 72737.976748   3000 72754.046354 1 76476.864252 75770.781624 76476.864252   2000 76487.494342 0
5   2.50 1 84176.933449 83054.268445 84176.933449   5000 84187.585033 0 89999.976902 89204.369706 89999.976902   2000 90004.328259 1
6   2.00 1 96782.853398 95571.139896 96782.853398   3500 96787.803370 0 100880.013371 100304.529498 100880.013371   5000 100887.901889 0
7   6.00 0 114624.027289 113954.776242 114624.027289   2000 114638.094771 0 117494.097086 116654.811434 117494.097086   3000 117504.779466 1
8   4.00 1 126978.894125 126071.632487 126978.894125   4000 126988.343665 0 131693.920388 131005.019266 131693.920388   2000 131705.067290 1
9   5.50 1 141713.396268 140771.879087 141713.396268   5500 141721.843302 0 147720.688736 147238.615304 147720.688736   4000 147738.589158 1
10   4.00 1 157814.522636 157305.461427 157814.522636   4000 157822.075915 0 161924.969901 161838.850644 161924.969901   3000 161938.939859 1
11   4.50 1 171919.467507 171005.704499 171919.467507   4000 171939.063689 0 176470.853387 175955.745385 176470.853387   2000 176489.163474 0
12   3.00 1 184040.820752 183555.923622 184040.820752   3500 184055.816956 0 188086.756690 187572.645098 188086.756690   2500 188105.898295 1
13   7.50 1 199946.007445 199672.820288 199946.007445   6000 199956.167560 1 206440.102284 205972.882299 206440.102284   2000 206456.221936 0
14   3.00 1 213989.286822 213523.047528 213989.286822   5000 214006.322684 0 219313.959789 219023.074315 219313.959789   3500 219323.059012 0
15   5.00 0 231445.532176 229889.996404 231445.532176   4000 231473.657317 1 235807.454088 235490.075834 235807.454088   2000 235823.373559 1
16   7.00 0 247449.998380 246890.220644 247449.998380   4000 247456.939890 1 251890.774669 251473.650138 251890.774669   5500 251906.975163 0
17   7.50 1 267315.335066 266973.897957 267315.335066   2000 267323.921969 1 269872.008402 269340.670072 269872.008402   6500 269890.670729 0
18   7.00 1 286112.978392 285457.612291 286112.978392   2500 286124.235329 0 288989.909178 288640.943812 288989.909178   4000 289007.616798 0
19   2.50 1 298074.791423 297574.468215 298074.791423   5000 298091.104197 0 303680.380625 303107.859677 303680.380625   3500 303691.182986 0
20   5.50 1 315134.893649 314758.037450 315134.893649   5500 315141.355882 0 321175.841760 320658.128846 321175.841760   5500 321191.511326 0
21   3.00 1 332451.419853 331758.325851 332451.419853   2000 332458.289825 1 334997.974136 334475.002639 334997.974136   2500 335008.340207 1
22   7.50 1 347443.712909 347075.208465 347443.712909   4000 347458.488401 0 352170.800038 351475.354879 352170.800038   6000 352175.313079 0
23   5.00 1 365635.388165 365242.216305 365635.388165   4000 365642.242738 1 370040.872081 369659.110821 370040.872081   2500 370058.909485 0
24   2.00 1 377129.982815 376625.774055 377129.982815   2000 377142.407791 0 379494.770769 379159.158139 379494.770769   3000 379509.145900 0
25   2.50 1 387532.802150 387075.904605 387532.802150   6500 387542.600401 1 394527.329270 394059.348984 394527.329270   2500 394542.652050 0
--------
8 :Total Won