
trial ITIJitter choice1 rts1 stim1ons_ms choice1ons_ms jitter2 jitter2_ms state rts2 stim2ons_ms choice2ons_ms jitter3 jitter3_ms won

1   6.00 1 24710.314966 24407.868114 24710.314966   4000 24724.932303 0 28970.424957 28741.256947 28970.424957   4000 28991.272586 0
2   3.00 1 38286.923571 38058.104594 38286.923571   5500 38291.434045 1 44714.384659 43808.339821 44714.384659   4000 44724.869105 1
3   5.00 1 56193.973160 55791.725814 56193.973160   5500 56208.399619 0 62100.554698 61725.149486 62100.554698   7000 62108.502564 0
4   6.00 1 77396.543809 77175.414131 77396.543809   3000 77408.705086 1 80687.485424 80425.439073 80687.485424   8000 80692.125822 1
5   2.50 1 93625.339047 93259.001299 93625.339047   7500 93642.334809 1 101515.433937 101159.152364 101515.433937   3500 101525.814123 1
6   6.00 1 113317.917521 113092.699865 113317.917521   4000 113326.005257 0 117725.304754 117342.728016 117725.304754   4000 117742.745146 0
7   2.50 1 126587.454915 126309.594317 126587.454915   7000 126592.844707 0 134000.692932 133609.695787 134000.692932   7500 134009.671534 1
8   5.50 1 148783.423142 148576.580695 148783.423142   2000 148793.222997 0 151507.397530 150809.935490 151507.397530   3000 151526.611315 0
9   2.00 1 158904.237440 158593.419584 158904.237440   2000 158910.039141 0 161409.406359 160926.809699 161409.406359   3500 161426.801198 0
10   4.00 1 171230.440631 170993.629838 171230.440631   5000 171243.579391 0 176645.883519 176260.403524 176645.883519   2000 176660.389537 0
11   4.00 0 184991.293759 184727.165725 184991.293759   3000 185010.477068 1 188339.186363 188027.273611 188339.186363   4000 188343.893809 1
12   2.00 0 196718.873318 196410.703361 196718.873318   4500 196727.394457 1 201513.312475 201244.132133 201513.312475   5000 201527.456628 1
13   2.50 0 211454.380212 211094.282701 211454.380212   2500 211460.913021 1 214270.821564 213977.669304 214270.821564   6000 214277.641170 0
14   4.00 0 226558.343751 226344.524506 226558.343751   2000 226577.876734 1 228893.433475 228594.573187 228893.433475   6000 228911.235411 1
15   7.00 1 244489.348256 243978.186437 244489.348256   3500 244494.804454 0 248259.248316 248011.561699 248259.248316   2500 248278.188137 0
16   2.50 0 255578.308854 255345.018541 255578.308854   3000 255594.971303 0 259089.842483 258611.758863 259089.842483   7000 259095.029528 0
17   2.50 0 271073.281088 270661.930027 271073.281088   2000 271078.602549 1 273445.768287 273095.311192 273445.768287   3000 273461.970705 1
18   2.00 0 280941.844078 280528.801109 280941.844078   2000 280962.101753 1 283329.317857 282978.807509 283329.317857   2000 283345.476967 0
19   2.50 0 290347.307783 289912.252353 290347.307783   2500 290362.259074 1 293185.786617 292878.959858 293185.786617   3500 293195.624648 0
20   4.50 0 303518.300623 303262.462109 303518.300623   4000 303529.136026 1 307804.422510 307545.862955 307804.422510   4500 307812.539438 0
21   3.00 1 317653.222182 317379.370003 317653.222182   3500 317662.706689 0 321515.234078 321179.490560 321515.234078   2500 321529.453941 1
22   6.50 1 332338.308970 332096.297337 332338.308970   2000 332346.253307 0 334698.139895 334362.974783 334698.139895   6500 334713.017401 1
23   4.00 1 347786.043772 346813.187458 347786.043772   4500 347796.905802 0 352574.258731 352313.281934 352574.258731   4500 352596.617016 0
24   2.00 1 361502.112320 361163.420633 361502.112320   4500 361513.436304 0 366267.234357 366030.163073 366267.234357   2500 366280.176146 1
25   5.00 1 375735.158824 375347.011683 375735.158824   6000 375746.948292 0 381974.293185 381763.801617 381974.293185   5000 381980.399969 0
--------
11 :Total Won