
trial ITIJitter choice1 rts1 stim1ons_ms choice1ons_ms jitter2 jitter2_ms state rts2 stim2ons_ms choice2ons_ms jitter3 jitter3_ms won

1   2.50 1 19810.705094 19501.558937 19810.705094   5500 19835.184200 0 25629.819366 25351.638608 25629.819366   2500 25634.992938 1
2   2.50 1 32477.232212 32201.763191 32477.232212   5500 32485.120729 0 38282.565478 38001.856160 38282.565478   4000 38301.851123 1
3   3.50 1 47679.151954 47368.636294 47679.151954   3000 47685.297234 0 50968.560456 50702.038920 50968.560456   5000 50985.366303 1
4   7.00 1 64801.789048 64552.296637 64801.789048   6500 64818.981140 1 71859.784890 71335.787788 71859.784890   5500 71869.033286 0
5   5.50 1 85188.794776 84936.010938 85188.794776   3500 85202.626148 0 89217.644808 88719.344897 89217.644808   3000 89235.987616 1
6   3.00 1 97125.194526 96802.838070 97125.194526   6500 97136.144456 0 104053.232576 103652.927365 104053.232576   4500 104069.622663 1
7   3.00 1 113467.728778 113136.435423 113467.728778   2000 113486.415806 1 115953.698348 115503.129262 115953.698348   2000 115969.779503 0
8   7.50 1 127797.651345 127536.678078 127797.651345   2000 127803.295854 1 130396.781844 129820.052297 130396.781844   3000 130403.363415 0
9   2.50 1 138361.709861 137970.162541 138361.709861   2000 138370.193466 1 147985.235736 140386.857518 147985.235736   5500 148003.686655 0
10   2.00 1 157820.832487 157570.498934 157820.832487   4500 157837.186324 0 162755.954804 162353.878767 162755.954804   3000 162770.565724 1
11   2.00 1 169663.631560 169337.346885 169663.631560   3500 169670.684068 0 173513.819021 173187.399930 173513.819021   2500 173520.750266 1
12   3.00 1 180852.426337 180587.539286 180852.426337   4500 180870.835551 0 185758.589871 185387.614611 185758.589871   3500 185771.177814 0
13   2.00 1 193642.622247 193337.728639 193642.622247   4500 193654.405299 1 199920.708048 198171.190133 199920.708048   3000 199937.846246 1
14   7.50 1 212768.715339 212504.741291 212768.715339   6000 212788.043330 0 219140.697597 218804.817417 219140.697597   3500 219154.788176 1
15   2.00 1 226542.609062 226221.579763 226542.609062   3500 226554.939723 1 230629.607958 230071.672266 230629.607958   2500 230638.343392 0
16   3.50 1 239009.772908 238705.160643 239009.772908   2000 239021.821904 0 241347.698519 241038.533435 241347.698519   5000 241355.219077 0
17   2.50 1 251230.207087 250922.046113 251230.207087   3000 251238.679464 0 254947.200507 254255.407035 254947.200507   2500 254955.395069 0
18   4.00 1 263797.614453 263522.219538 263797.614453   3000 263805.552054 0 267101.636122 266822.273208 267101.636122   4000 267122.251490 1
19   6.50 1 279456.544663 279222.488274 279456.544663   2500 279472.482099 1 282484.596860 281989.205339 282484.596860   3500 282505.841962 1
20   2.00 1 290351.713996 290072.668998 290351.713996   5000 290355.947939 0 295671.650324 295372.746407 295671.650324   7000 295689.454505 1
21   4.50 1 309079.177105 308756.333992 309079.177105   2000 309089.659305 1 311630.521922 311106.329453 311630.521922   2000 311639.681777 1
22   7.00 1 322965.633460 322706.538487 322965.633460   2500 322973.197647 0 325855.542606 325489.904205 325855.542606   3500 325873.278457 0
23   2.50 1 334218.579624 333940.041493 334218.579624   3500 334223.365025 0 338175.670452 337740.174240 338175.670452   7000 338190.118084 0
24   3.50 1 351050.166993 350757.008638 351050.166993   6000 351056.993657 0 357472.499743 357073.782501 357472.499743   3000 357490.431604 0
25   6.50 1 369305.063312 369057.298419 369305.063312   3500 369323.958862 0 373353.188402 372840.667024 373353.188402   2000 373374.095379 0
--------
13 :Total Won