
trial ITIJitter choice1 rts1 stim1ons_ms choice1ons_ms jitter2 jitter2_ms state rts2 stim2ons_ms choice2ons_ms jitter3 jitter3_ms won

1   3.00 1 19792.181353 19521.122396 19792.181353   2500 19804.824475 0 22715.801320 22321.189379 22715.801320   4000 22737.849710 0
2   5.00 1 34102.273555 33804.693908 34102.273555   5500 34121.357415 0 39882.325390 39638.142891 39882.325390   3500 39888.144415 0
3   3.50 0 49241.155734 48954.969686 49241.155734   5000 49254.959837 1 54617.332796 54272.167456 54617.332796   3500 54638.381247 1
4   6.00 0 66464.147666 66205.219189 66464.147666   5000 66471.887653 1 71889.754840 71488.649870 71889.754840   6500 71905.316617 0
5   7.00 0 87728.769735 87472.233477 87728.769735   3500 87738.882371 1 91520.756682 91255.667205 91520.756682   3500 91538.978868 0
6   3.50 0 101112.186653 100605.779759 101112.186653   3000 101122.448142 1 104380.109772 104139.176996 104380.109772   4000 104389.208996 0
7   5.50 1 116136.166270 115956.048863 116136.166270   5000 116156.047003 0 121440.039087 121172.785481 121440.039087   2000 121456.132111 1
8   7.00 1 132258.830632 132023.236320 132258.830632   2500 132272.974465 1 135240.112807 134789.700272 135240.112807   6000 135256.404729 0
9   3.50 1 147128.689021 146823.239464 147128.689021   4000 147139.885005 0 151448.104687 151156.610972 151448.104687   2000 151456.636412 1
10   6.50 1 161789.098768 161523.457192 161789.098768   2500 161806.793877 0 164678.208155 164323.521930 164678.208155   7000 164690.134605 0
11   3.00 1 177032.036556 176757.008959 177032.036556   4000 177040.392803 1 181649.213763 181057.112033 181649.213763   5000 181657.122491 0
12   2.00 0 191096.219382 190723.901887 191096.219382   4500 191107.280951 1 195983.708399 195624.045895 195983.708399   3500 195990.702200 0
13   3.50 1 205268.196763 205057.501486 205268.196763   2500 205274.169131 0 208129.725532 207790.885314 208129.725532   5000 208140.854789 0
14   5.50 1 220952.701617 220707.784802 220952.701617   3500 220957.762266 0 224829.291711 224474.465937 224829.291711   2500 224841.215274 0
15   2.00 0 231757.663395 231407.923292 231757.663395   2500 231774.603657 1 234680.712013 234291.301233 234680.712013   2500 234691.350123 0
16   2.00 1 241715.250182 241258.177159 241715.250182   2000 241724.776072 0 244089.692669 243741.560425 244089.692669   2500 244108.182083 1
17   3.50 1 251940.124901 251674.941750 251940.124901   3500 251958.290627 0 255901.316539 255475.027661 255901.316539   4500 255908.352365 1
18   4.00 1 266326.215382 265975.217095 266326.215382   2500 266341.845810 0 269217.880918 268858.620379 269217.880918   4500 269225.217014 0
19   3.50 1 279516.109867 279292.099068 279516.109867   3500 279525.424669 0 283296.644188 283042.129303 283296.644188   4500 283308.791992 0
20   7.50 1 297616.664565 297375.693935 297616.664565   3000 297625.705724 0 300938.652100 300642.406668 300938.652100   6500 300959.068892 1
21   3.50 1 312970.682881 312525.945972 312970.682881   2000 312975.948202 1 315516.981165 314992.671923 315516.981165   2500 315525.966504 0
22   3.00 1 323355.242817 323092.785519 323355.242817   5500 323359.446604 1 329348.064875 328876.233363 329348.064875   6000 329359.566905 0
23   4.50 0 342201.082129 341926.542471 342201.082129   5500 342209.724210 1 348513.145337 347726.520593 348513.145337   2000 348526.534323 1
24   3.00 1 356041.000401 355593.318852 356041.000401   3500 356059.948563 0 359866.101799 359576.744304 359866.101799   2500 359876.682485 0
25   7.00 0 371778.669500 371443.585230 371778.669500   3500 371793.577483 1 375914.596452 375310.381886 375914.596452   4500 375927.015333 0
--------
7 :Total Won