
trial ITIJitter choice1 rts1 stim1ons_ms choice1ons_ms jitter2 jitter2_ms state rts2 stim2ons_ms choice2ons_ms jitter3 jitter3_ms won

1   3.00 1 21685.289856 21241.338591 21685.289856   4500 21708.366416 0 26620.194990 26224.772062 26620.194990   2500 26641.415391 0
2   2.00 0 33512.345899 33208.217404 33512.345899   2000 33524.836960 1 35857.801051 35541.570948 35857.801051   5500 35874.927378 1
3   4.50 0 48910.807462 47941.735326 48910.807462   5000 48925.117149 1 54299.331545 53941.854985 54299.331545   4500 54308.569035 1
4   5.50 0 66837.239898 66375.408100 66837.239898   5000 66842.116086 1 72254.302193 71858.863226 72254.302193   2000 72258.798231 1
5   2.50 0 79207.283870 78825.629117 79207.283870   3000 79225.652022 0 82967.770963 82242.368044 82967.770963   5000 82975.663972 0
6   2.50 0 92927.720135 92542.516030 92927.720135   2500 92942.510704 1 95836.140831 95459.213413 95836.140831   2000 95842.563925 1
7   2.00 0 102370.171010 101909.311883 102370.171010   3000 102375.994847 0 106221.772244 105392.707340 106221.772244   5000 106242.730550 0
8   2.50 0 116169.103317 115809.546999 116169.103317   4000 116176.257519 1 120578.712423 120192.946273 120578.712423   4500 120592.969178 1
9   3.00 0 130465.052969 130159.782099 130465.052969   5500 130476.472873 1 136488.175725 135993.219853 136488.175725   7000 136493.220976 1
10   6.00 0 151876.140010 151560.099821 151876.140010   2500 151893.501164 1 154865.107313 154410.182058 154865.107313   7500 154876.864380 1
11   2.00 0 166901.320068 166443.706172 166901.320068   2000 166910.383041 0 169402.177731 168927.056717 169402.177731   4000 169410.426188 0
12   5.00 0 180870.237576 180477.276161 180870.237576   3500 180877.285914 1 185128.122485 184394.013324 185128.122485   4000 185144.049334 1
13   4.50 0 196559.232693 195710.861292 196559.232693   4500 196577.535722 1 201425.688337 201094.301308 201425.688337   2000 201444.288107 1
14   2.50 0 208416.975679 208011.105519 208416.975679   4500 208427.774511 1 213515.655291 212944.482673 213515.655291   6500 213527.786734 1
15   7.50 0 229935.233956 229628.156329 229935.233956   2000 229944.762092 1 232422.034403 231961.454054 232422.034403   5500 232428.157548 0
16   7.00 1 247316.193211 246995.036875 247316.193211   2500 247328.328825 0 250157.132275 249845.086711 250157.132275   3000 250161.749897 0
17   4.50 0 260069.185410 259728.572121 260069.185410   3500 260078.578489 1 263986.684157 263595.297237 263986.684157   7500 263995.285175 0
18   2.50 0 276506.683425 276062.181985 276506.683425   2000 276512.195122 1 281787.156955 278528.918843 281787.156955   6000 281795.558113 0
19   2.50 1 292648.067538 292362.449309 292648.067538   7500 292662.386849 0 300479.090937 300179.235202 300479.090937   3500 300495.904804 1
20   2.50 1 308404.706933 308062.720611 308404.706933   4500 308412.695862 0 313238.224888 312929.429047 313238.224888   3000 313246.143240 0
21   4.00 1 322639.973065 322312.938997 322639.973065   7000 322646.293504 0 330009.250001 329663.046739 330009.250001   8000 330029.684116 0
22   7.50 0 347873.072181 347596.636264 347873.072181   5000 347880.023637 1 353316.164660 352896.758907 353316.164660   5500 353330.099009 0
23   2.00 1 363225.597485 362896.931177 363225.597485   3000 363230.255528 0 366788.010288 366246.984062 366788.010288   2000 366796.997872 1
24   4.00 1 374926.583213 374363.808547 374926.583213   6500 374947.106191 0 381854.632812 381463.895516 381854.632812   5000 381863.898852 0
25   4.00 1 393398.217112 392930.761657 393398.217112   4500 393414.099049 0 398272.102205 397930.833517 398272.102205   2000 398280.840206 1
--------
13 :Total Won