
trial ITIJitter choice1 rts1 stim1ons_ms choice1ons_ms jitter2 jitter2_ms state rts2 stim2ons_ms choice2ons_ms jitter3 jitter3_ms won

1   6.00 1 24577.574860 24346.149367 24577.574860   4000 24596.119132 0 28898.881332 28612.906693 28898.881332   2000 28912.882408 1
2   2.50 1 35218.065058 34979.708641 35218.065058   4000 35229.666215 0 39675.206091 39246.417526 39675.206091   2000 39679.757628 1
3   6.00 1 49427.906040 49246.559641 49427.906040   4000 49446.572858 0 53792.996190 53463.299787 53792.996190   2000 53813.311609 1
4   4.50 1 62302.901107 61880.091968 62302.901107   3000 62313.421483 1 65934.563159 65330.189796 65934.563159   4000 65946.846341 0
5   7.00 1 79304.821427 79013.731603 79304.821427   5000 79313.710847 0 84759.954562 84330.459590 84759.954562   5500 84780.484276 0
6   2.00 1 94745.061015 94347.314840 94745.061015   4500 94764.039973 1 99784.006680 99280.727925 99784.006680   5500 99797.384759 1
7   2.00 1 109941.949943 109364.228156 109941.949943   5500 109947.556597 0 115794.965272 115464.326032 115794.965272   3000 115814.355819 1
8   2.00 1 122926.088858 122381.100087 122926.088858   3500 122931.108123 0 126837.948228 126447.837138 126837.948228   7500 126847.850098 1
9   2.50 1 138955.898728 138414.705044 138955.898728   2500 138964.702814 0 141933.488794 141481.416751 141933.488794   2500 141948.089128 0
10   4.50 1 151549.966332 151014.921456 151549.966332   4500 151564.907037 0 156309.468242 156081.648883 156309.468242   6500 156314.989242 1
11   5.00 1 169673.985761 169381.889581 169673.985761   3000 169681.909888 0 173044.954284 172698.606341 173044.954284   2000 173065.265212 1
12   3.50 1 180300.858883 180132.084388 180300.858883   4000 180315.379979 0 184542.948471 184332.124873 184542.948471   4000 184548.785140 1
13   4.00 1 194556.956283 194115.668315 194556.956283   2500 194565.623708 0 197426.929840 197082.326417 197426.929840   5000 197432.333426 1
14   6.50 1 210716.007916 210532.544546 210716.007916   3000 210732.526003 0 213964.496859 213749.260953 213964.496859   7000 213982.643978 1
15   5.00 1 228180.774409 227549.506623 228180.774409   5000 228199.465288 0 233427.422271 233216.259906 233427.422271   6000 233432.939100 1
16   2.50 1 243809.865555 243499.792922 243809.865555   3000 243816.400610 0 247198.089689 246833.173414 247198.089689   2500 247216.451746 1
17   2.00 1 253901.830463 253283.282791 253901.830463   7000 253916.587669 0 261190.015107 260933.398649 261190.015107   3500 261200.057809 0
18   2.50 1 269808.917265 269266.927350 269808.917265   3000 269816.930254 0 273138.862610 272833.611950 273138.862610   5000 273150.250434 0
19   4.50 1 284939.881733 284717.087094 284939.881733   6000 284950.453117 0 291358.776128 290967.224637 291358.776128   3500 291367.177608 0
20   2.50 1 299675.020988 299434.029826 299675.020988   3000 299684.048673 0 303165.007640 302700.754751 303165.007640   4000 303184.104653 1
21   2.00 1 311176.911634 310750.886777 311176.911634   5000 311184.244202 0 316398.823106 316200.978189 316398.823106   6500 316417.641664 0
22   4.50 1 329710.937964 329484.526283 329710.937964   2000 329717.905780 0 332054.910370 331734.552830 332054.910370   3000 332067.898674 0
23   3.50 1 340856.845703 340634.715765 340856.845703   5000 340868.047783 1 346308.982548 345884.800697 346308.982548   4000 346318.125401 1
24   2.00 1 354833.374236 354384.952918 354833.374236   3000 354851.601234 0 358058.433095 357868.317898 358058.433095   2500 358068.324699 0
25   4.00 1 366878.415136 366635.089178 366878.415136   2000 366885.089740 0 369357.416249 368901.832388 369357.416249   2500 369368.503161 0
--------
15 :Total Won