
trial ITIJitter choice1 rts1 stim1ons_ms choice1ons_ms jitter2 jitter2_ms state rts2 stim2ons_ms choice2ons_ms jitter3 jitter3_ms won

1   3.00 1 20814.414525 20512.050440 20814.414525   5500 20829.138047 0 26662.924192 26345.492044 26662.924192   2000 26678.853287 0
2   6.00 1 36980.339338 36745.626268 36980.339338   5000 36995.663721 0 42355.840150 42012.435884 42355.840150   4000 42362.385791 0
3   4.00 1 52732.254605 52429.273618 52732.254605   3000 52745.930709 0 56071.425890 55762.670791 56071.425890   2500 56079.317616 0
4   5.00 0 65899.302545 65646.139839 65899.302545   3000 65912.866047 1 69180.441096 68929.518550 69180.441096   4000 69196.180597 1
5   3.00 0 78563.249774 78263.015172 78563.249774   5500 78579.661355 1 84379.290444 84096.464796 84379.290444   3000 84396.450456 1
6   2.00 0 91947.290652 91463.187827 91947.290652   2000 91963.229050 1 94293.340891 93979.932882 94293.340891   8000 94313.267498 1
7   2.50 0 107222.811321 106880.181150 107222.811321   2000 107230.177894 1 109540.215560 109246.857345 109540.215560   2000 109546.851987 1
8   3.50 0 117384.329279 117113.677419 117384.329279   3000 117396.954115 1 120661.327882 120413.708312 120661.327882   5500 120680.396024 0
9   6.00 0 134467.412788 134247.307751 134467.412788   3500 134480.609293 1 138300.354582 137997.326758 138300.354582   7500 138314.006626 1
10   2.00 0 150604.379138 149880.864779 150604.379138   2000 150614.237700 1 152887.810139 152630.898544 152887.810139   3500 152897.537814 1
11   2.50 0 161285.262138 160964.363085 161285.262138   2500 161297.709892 1 164353.186156 163814.410676 164353.186156   2000 164364.423845 1
12   5.00 0 173740.250270 173431.240775 173740.250270   5000 173747.913906 1 179056.336013 178764.661687 179056.336013   2000 179064.621362 1
13   6.50 0 189919.133874 189631.506463 189919.133874   2000 189931.520674 1 192271.174767 191948.230281 192271.174767   3000 192281.516777 0
14   4.00 0 201574.330912 201348.410058 201574.330912   5500 201581.698126 0 207554.312235 207098.421366 207554.312235   4000 207565.138976 1
15   5.00 0 218397.253423 218131.977561 218397.253423   6000 218415.306868 1 224921.313401 224432.071331 224921.313401   7500 224932.082078 0
16   2.50 0 237593.210421 237015.652243 237593.210421   5000 237598.955341 1 243140.720053 242615.697348 243140.720053   6000 243149.060580 0
17   2.00 0 253565.309001 253215.915686 253565.309001   4500 253582.580010 0 258582.741053 258099.295551 258582.741053   2000 258599.312393 1
18   6.00 0 268478.322296 268199.454059 268478.322296   5000 268499.423359 1 273879.787527 273516.243000 273879.787527   2500 273899.570094 0
19   7.50 1 286274.285582 285966.455354 286274.285582   2000 286283.086140 0 288648.262906 288299.788367 288648.262906   7500 288666.477714 1
20   3.00 1 301270.119008 300750.029273 301270.119008   2000 301283.338931 0 303675.285008 303300.060728 303675.285008   3500 303683.377556 0
21   3.00 1 312696.759163 312250.215819 312696.759163   3500 312716.858362 0 316477.207510 316233.614003 316477.207510   2000 316483.597883 1
22   2.50 1 322975.198809 322550.400377 322975.198809   6000 322983.674073 0 329234.737451 329000.449123 329234.737451   2500 329250.470857 1
23   7.50 1 341083.340150 340817.324840 341083.340150   4000 341100.661525 0 345377.080440 345117.394871 345377.080440   3500 345384.035424 1
24   3.50 1 354347.052424 353950.876254 354347.052424   8000 354367.530169 0 362689.706335 362384.328637 362689.706335   2500 362701.009467 0
25   4.00 1 371556.735572 371267.849656 371556.735572   3500 371567.855847 1 375577.178990 375084.560481 375577.178990   3000 375584.543959 0
--------
14 :Total Won