
trial ITIJitter choice1 rts1 stim1ons_ms choice1ons_ms jitter2 jitter2_ms state rts2 stim2ons_ms choice2ons_ms jitter3 jitter3_ms won

1   6.50 0 28467.820206 26387.348666 28467.820206   3500 28487.368588 0 32803.891262 32004.095356 32803.891262   5500 32821.214547 1
2   2.00 1 42778.168408 41887.597127 42778.168408   5500 42787.614097 1 49113.902301 48304.364605 49113.902301   2500 49121.014799 0
3   2.50 1 57346.965487 56187.827880 57346.965487   5000 57354.919128 1 63080.554949 62371.300874 63080.554949   3500 63087.944299 0
4   6.50 0 75688.865834 75154.799083 75688.865834   3000 75704.831821 0 79212.988690 78721.542390 79212.988690   2000 79221.543833 1
5   2.50 0 86398.002816 85288.320022 86398.002816   5000 86405.003033 0 91916.590236 91421.758193 91916.590236   2000 91921.717291 1
6   2.00 0 98381.880919 97488.525399 98381.880919   3500 98388.637006 0 102375.105584 101905.265610 102375.105584   5000 102388.620003 0
7   6.00 0 116394.561254 115455.478959 116394.561254   2000 116405.496747 0 118824.045318 118422.193200 118824.045318   3000 118838.858022 0
8   4.00 1 128372.027169 127905.694842 128372.027169   4000 128389.052444 1 132721.521217 132405.751464 132721.521217   2000 132739.108216 0
9   5.50 1 143262.969297 142305.890660 143262.969297   5500 143272.603297 1 149302.914581 148789.370167 149302.914581   4000 149322.717038 0
10   4.00 0 159818.917942 159389.620264 159818.917942   4000 159839.526574 1 164526.533361 163856.291357 164526.533361   3000 164539.623359 1
11   4.50 0 174840.063275 174106.449753 174840.063275   4000 174856.459778 0 179307.502689 178873.548893 179307.502689   2000 179323.202732 1
12   3.00 0 186372.537565 185889.970098 186372.537565   3500 186389.992394 1 190390.715481 189906.731032 190390.715481   2500 190406.676015 0
13   7.50 0 203081.931510 202473.567050 203081.931510   6000 203090.252147 0 209611.495165 209107.045162 209611.495165   2000 209640.375672 1
14   3.00 0 216773.431127 216207.139189 216773.431127   5000 216790.499389 0 222350.935731 221807.237226 222350.935731   3500 222357.246224 1
15   5.00 0 232930.752675 232424.075987 232930.752675   4000 232940.753673 0 237295.504700 236957.481244 237295.504700   2000 237307.520975 1
16   7.00 0 248277.014644 247874.344161 248277.014644   4000 248291.024702 0 252756.390132 252307.739762 252756.390132   5500 252774.399948 1
17   7.50 0 267839.929501 267341.319375 267839.929501   2000 267857.987758 0 270551.984496 269874.722707 270551.984496   6500 270558.038348 0
18   7.00 1 287234.943406 286125.006536 287234.943406   2500 287241.642711 1 290151.438043 289758.352156 290151.438043   4000 290158.355172 1
19   2.50 1 299531.963253 298758.507745 299531.963253   5000 299541.858065 1 305031.985549 304558.616112 305031.985549   3500 305041.938747 1
20   5.50 1 316669.893292 316108.837802 316669.893292   5500 316675.491284 1 322593.425359 322192.275797 322593.425359   5500 322608.880309 1
21   3.00 1 333546.905882 333175.740708 333546.905882   2000 333559.070047 1 335963.711216 335575.799863 335963.711216   2500 335975.816032 1
22   7.50 1 348694.696408 348042.691348 348694.696408   4000 348709.282947 1 353306.958609 352726.017576 353306.958609   6000 353326.067172 0
23   5.00 0 366780.334782 366392.950187 366780.334782   4000 366792.977583 0 371167.011368 370809.725686 371167.011368   2500 371176.351514 1
24   2.00 0 377644.405264 377243.128024 377644.405264   2000 377659.785788 0 380198.942381 379676.505339 380198.942381   3000 380209.844190 0
25   2.50 1 388252.388610 387776.632088 388252.388610   6500 388259.973008 1 395225.406608 394776.771636 395225.406608   2500 395243.452675 1
--------
15 :Total Won