
trial ITIJitter choice1 rts1 stim1ons_ms choice1ons_ms jitter2 jitter2_ms state rts2 stim2ons_ms choice2ons_ms jitter3 jitter3_ms won

1   4.50 0 22714.567516 22361.924798 22714.567516   2000 22728.614146 0 25150.158043 24745.427050 25150.158043   3500 25162.006539 1
2   3.00 0 33789.188272 33228.805504 33789.188272   3500 33795.480479 1 37899.086966 37312.231629 37899.086966   3000 37912.210328 1
3   4.50 0 48373.447038 47479.032551 48373.447038   4000 48395.727368 0 52943.716599 52412.584543 52943.716599   6000 52962.464900 1
4   6.00 0 67005.402945 66529.368928 67005.402945   2500 67012.685468 0 70059.608192 69529.401008 70059.608192   2500 70079.416744 0
5   2.00 0 77033.531813 76646.186997 77033.531813   4000 77046.185842 1 81469.077749 81062.924000 81469.077749   3000 81479.584651 0
6   2.00 1 88868.131191 88546.358915 88868.131191   2500 88879.720479 1 92434.435641 91396.429283 92434.435641   2000 92446.454482 0
7   2.00 1 99601.113375 98513.239974 99601.113375   8000 99613.241289 1 108099.744032 107630.052268 108099.744032   5000 108113.366883 0
8   4.50 0 119954.105766 119680.219262 119954.105766   3000 119963.549852 0 126930.038570 122980.307578 126930.038570   2500 126946.953168 0
9   7.00 0 139405.580477 138513.876444 139405.580477   5500 139413.892452 0 145497.540252 144930.658359 145497.540252   3500 145513.977497 1
10   2.50 0 153573.488165 153080.775981 153573.488165   7500 153597.445006 0 161819.444698 161114.225669 161819.444698   6500 161830.914969 1
11   4.00 0 174239.577068 173897.758205 174239.577068   2000 174247.783179 0 176793.410987 176264.488294 176793.410987   3000 176814.510766 1
12   2.50 0 184377.555868 183881.279897 184377.555868   3000 184381.282944 0 187839.025481 187398.003458 187839.025481   5500 187848.008574 1
13   7.00 0 202520.511910 201914.893515 202520.511910   2000 202531.563854 0 206427.421308 204548.282764 206427.421308   2500 206448.260917 1
14   2.00 0 213053.490180 212515.188524 213053.490180   2000 213065.118605 1 218551.480517 215081.792281 218551.480517   2000 218565.113312 0
15   4.00 1 227233.575827 226632.011405 227233.575827   4000 227248.652231 1 231827.016584 231265.388785 231827.016584   2500 231832.069534 0
16   3.00 0 239883.341690 239398.877001 239883.341690   4000 239898.864971 0 244551.282261 243915.607940 244551.282261   3000 244565.629803 0
17   3.00 0 254058.019260 252632.402463 254058.019260   6500 254065.770475 0 261810.609815 260582.529965 261810.609815   3000 261815.891497 0
18   6.50 0 273843.984757 273382.754462 273843.984757   6500 273849.418819 1 280867.073508 280366.190821 280867.073508   8000 280882.875244 0
19   5.00 1 296587.419627 295949.773017 296587.419627   5000 296599.792634 1 302345.415373 301616.562871 302345.415373   2500 302349.865536 1
20   3.50 1 310873.643209 310416.688882 310873.643209   3000 310883.401359 0 314510.456055 313900.093642 314510.456055   3500 314516.751150 1
21   2.00 1 322685.437745 321616.878861 322685.437745   4500 322700.216445 1 328006.522543 327216.966312 328006.522543   5500 328016.981646 1
22   3.50 1 339556.023391 339083.834185 339556.023391   6500 339567.144950 1 346932.556544 346083.907649 346932.556544   3500 346950.614159 1
23   5.00 1 358054.290260 357517.459480 358054.290260   2000 358067.431266 0 366190.370555 360084.149533 366190.370555   2500 366200.930390 1
24   7.50 1 378447.353689 377767.785014 378447.353689   6500 378467.840096 1 385531.433930 384984.572960 385531.433930   4500 385551.248577 1
25   2.50 1 395147.003919 394618.028294 395147.003919   2000 395151.401471 1 397889.968815 397168.084771 397889.968815   2000 397901.456729 1
--------
15 :Total Won