
trial ITIJitter choice1 rts1 stim1ons_ms choice1ons_ms jitter2 jitter2_ms state rts2 stim2ons_ms choice2ons_ms jitter3 jitter3_ms won

1   3.00 0 19471.484405 19076.746389 19471.484405   4500 19493.400304 0 24288.943340 24010.153699 24288.943340   2000 24310.156041 1
2   4.00 0 32254.584499 31876.972811 32254.584499   6000 32260.324286 0 38903.832588 38277.043837 38903.832588   2500 38910.361226 0
3   4.50 0 49231.467839 47977.225956 49231.467839   6500 49243.908855 0 56348.928474 55760.834200 56348.928474   4500 56360.677521 0
4   4.50 1 67866.961548 67427.535514 67866.961548   2500 67877.559237 1 70733.296569 70394.237565 70733.296569   3500 70744.250990 1
5   6.50 1 83363.220838 82811.123098 83363.220838   2000 83377.819888 1 85742.953026 85394.487149 85742.953026   4500 85761.156285 0
6   7.50 0 100342.969900 99828.078118 100342.969900   2000 100361.393230 0 102687.314115 102378.112139 102687.314115   3000 102694.770513 0
7   2.00 1 110392.272333 109761.579744 110392.272333   4000 110411.578509 1 115103.349203 114428.308004 115103.349203   8000 115111.667916 1
8   3.50 1 129154.937991 128678.534090 129154.937991   2500 129161.868915 0 132840.205069 131678.570982 132840.205069   3500 132845.266039 0
9   3.00 0 142262.900004 141412.099491 142262.900004   2500 142278.757881 0 146669.350816 144795.493312 146669.350816   3000 146678.787202 0
10   4.00 0 156428.255072 155745.634930 156428.255072   2500 156445.655365 1 159385.304516 158962.363206 159385.304516   2000 159395.708762 1
11   4.00 0 167879.344820 167462.517672 167879.344820   2000 167895.890817 0 170540.929023 169912.603952 170540.929023   2500 170545.893432 0
12   5.50 0 180938.946275 180612.740838 180938.946275   3500 180946.045620 0 184883.247695 184462.783296 184883.247695   6500 184896.127569 1
13   2.50 0 195904.858833 195462.965832 195904.858833   3000 195912.959721 1 199528.140899 198929.690500 199528.140899   2000 199546.403186 1
14   3.00 0 207065.246284 206613.119705 207065.246284   4000 207079.928102 0 211988.873309 211096.547563 211988.873309   6500 211996.578007 0
15   6.50 1 227554.358109 227063.509463 227554.358109   3000 227563.477864 1 233260.803564 230580.219230 233260.803564   2000 233280.238061 1
16   2.50 1 240590.414312 239846.977838 240590.414312   6000 240597.091803 1 247101.423751 246613.822582 247101.423751   6000 247113.781359 0
17   3.00 0 258666.827388 258180.641918 258666.827388   2000 258680.671592 0 261329.882147 260697.357459 261329.882147   5500 261347.367773 1
18   3.00 0 271848.793897 271414.232182 271848.793897   3000 271864.212917 0 275294.375157 274880.931506 275294.375157   3000 275314.270967 1
19   3.50 0 283750.302596 283381.096238 283750.302596   4000 283764.399913 1 288283.393147 287781.157960 288283.393147   2000 288297.817361 1
20   4.00 0 296859.281551 296397.943788 296859.281551   8000 296864.616486 0 305494.225085 304881.424258 305494.225085   5000 305514.881837 1
21   5.00 0 317582.452331 317081.615520 317582.452331   3500 317598.312775 0 321952.796253 321115.011634 321952.796253   3000 321965.070453 1
22   3.00 0 330008.343735 329531.834611 330008.343735   4500 330015.154359 1 336025.182624 334531.896526 336025.182624   4000 336031.884817 0
23   7.00 0 350252.098285 349098.817557 350252.098285   4500 350265.485025 0 355222.212063 354782.237779 355222.212063   5000 355232.243217 1
24   5.50 0 367955.272844 367299.113400 367955.272844   5000 367965.787124 0 373613.013199 372982.527848 373613.013199   5500 373632.537520 1
25   4.00 0 386384.111775 384699.464806 386384.111775   4500 386399.413702 0 391364.285258 390916.175439 391364.285258   7500 391382.828888 1
--------
15 :Total Won