
trial ITIJitter choice1 rts1 stim1ons_ms choice1ons_ms jitter2 jitter2_ms state rts2 stim2ons_ms choice2ons_ms jitter3 jitter3_ms won

1   4.00 0 18813.254185 17806.846810 18813.254185   3000 18840.183897 0 22284.413618 21856.925903 22284.413618   2500 22290.268893 0
2   3.50 1 31374.314487 30357.060801 31374.314487   3500 31390.363562 1 35242.251272 34907.124335 35242.251272   3500 35257.124608 1
3   3.00 1 44341.840678 43823.917639 44341.840678   2000 44357.270284 1 46847.110650 46374.001384 46847.110650   4500 46857.307658 1
4   2.00 1 55888.267923 55424.155224 55888.267923   7500 55907.459894 1 64008.161520 63424.243124 64008.161520   8000 64024.284058 1
5   7.50 1 82042.349373 81591.211826 82042.349373   3000 82057.913075 1 85561.193434 85074.610490 85561.193434   3000 85574.643373 1
6   5.00 1 96163.125816 95641.456132 96163.125816   3000 96174.760658 1 99671.113622 99191.503948 99671.113622   6500 99691.607086 1
7   4.00 1 112871.087059 112258.389209 112871.087059   2000 112875.050566 1 115293.045433 114891.757927 115293.045433   3000 115308.442639 0
8   4.50 0 125197.131775 124875.259088 125197.131775   5000 125208.617764 1 130837.147507 130225.337957 130837.147507   4000 130842.058021 0
9   2.00 0 139524.304109 138908.819452 139524.304109   7000 139542.118235 1 147078.190639 146558.898739 147078.190639   7000 147092.289880 1
10   2.50 0 159091.233801 158659.151242 159091.233801   5000 159109.122353 0 164632.275746 164125.892591 164632.275746   3500 164642.520553 1
11   5.00 0 175189.018054 174709.418967 175189.018054   4000 175209.445433 0 179722.805707 179226.147019 179722.805707   5500 179742.919983 0
12   3.00 0 190824.131934 190309.676443 190824.131934   4000 190843.000857 0 195382.074363 194859.728108 195382.074363   7500 195393.068242 0
13   3.50 1 209066.758224 208459.962165 209066.758224   6500 209076.617748 0 216269.038226 215593.398090 216269.038226   7500 216276.745491 1
14   5.50 1 231478.110246 230843.705659 231478.110246   3000 231493.662720 1 235215.990432 234510.407935 235215.990432   5500 235227.051039 1
15   3.50 1 246820.228097 246293.920580 246820.228097   6500 246827.195913 1 253913.693395 253344.017639 253913.693395   4000 253927.370461 1
16   3.50 1 264087.115988 263527.553190 264087.115988   6500 264094.181007 1 271091.750612 270610.971295 271091.750612   2500 271110.979796 1
17   2.50 1 278583.283208 278177.764646 278583.283208   3000 278594.431714 1 282269.710627 281611.150944 282269.710627   7500 282277.822102 0
18   4.50 0 296653.659114 296344.756766 296653.659114   5000 296661.387551 1 302317.770915 301678.139503 302317.770915   2000 302328.175481 0
19   4.50 0 311300.994582 310895.004121 311300.994582   2000 311311.670226 1 313829.134839 313328.329466 313829.134839   4500 313845.104676 1
20   4.00 0 325016.146278 324411.856644 325016.146278   2500 325028.533079 1 328193.149341 327545.235467 328193.149341   3000 328211.961803 1
21   2.00 0 335875.656882 335278.679605 335875.656882   6000 335895.342888 0 342367.108315 341912.105426 342367.108315   3500 342378.803467 0
22   2.50 0 351010.673078 350445.617831 351010.673078   2000 351028.981881 0 353686.910547 353045.636630 353686.910547   2000 353695.628978 1
23   4.50 0 362171.255577 361762.419282 362171.255577   3500 362179.172646 0 366160.086219 365695.850973 366160.086219   3500 366179.200876 1
24   3.00 0 374715.655355 374245.990859 374715.655355   7500 374729.334988 1 382838.346664 382246.143561 382838.346664   6500 382846.124184 0
25   6.00 1 397800.138843 397413.041365 397800.138843   4000 397813.048551 1 402372.667811 401829.780293 402372.667811   2000 402379.759456 0
--------
15 :Total Won