
trial ITIJitter choice1 rts1 stim1ons_ms choice1ons_ms jitter2 jitter2_ms state rts2 stim2ons_ms choice2ons_ms jitter3 jitter3_ms won

1   3.50 0 20476.311510 19355.112250 20476.311510   8000 20488.825349 0 29214.305581 28505.320017 29214.305581   4000 29221.977878 0
2   4.00 1 40093.330562 39288.816302 40093.330562   7500 40105.489272 0 48305.226279 47622.291751 48305.226279   5000 48322.292938 0
3   2.00 0 58849.073636 57389.170499 58849.073636   7000 58855.833252 0 66388.072716 65872.584883 66388.072716   4000 66405.924697 0
4   2.00 0 74960.179187 74472.795843 74960.179187   6500 74972.741146 1 82112.180878 81489.508336 82112.180878   7500 82122.844653 1
5   5.50 0 97764.239191 97189.836741 97764.239191   2500 97773.116741 1 100985.309842 100289.801805 100985.309842   3500 100989.828977 1
6   3.50 0 110595.728074 110056.649757 110595.728074   2000 110606.571497 1 113287.178929 112623.352963 113287.178929   2000 113306.701326 0
7   4.50 1 122562.380722 121873.547930 122562.380722   2500 122573.561629 1 125703.192524 125090.234824 125703.192524   4500 125723.589426 1
8   2.00 1 135197.153910 134290.385985 135197.153910   2000 135207.064442 1 137716.050583 137223.762178 137716.050583   2000 137723.802118 1
9   2.00 1 144417.973694 143790.653053 144417.973694   2000 144423.862332 1 146929.094771 146440.637061 146929.094771   2000 146940.584610 1
10   5.00 1 156621.129165 156007.402823 156621.129165   3500 156640.748123 1 160698.728245 160157.476816 160698.728245   6000 160707.470416 0
11   2.50 0 171843.056998 171274.326003 171843.056998   2500 171857.670484 0 174819.990382 174374.364532 174819.990382   5500 174841.075405 0
12   3.00 1 186014.039572 185407.949919 186014.039572   8000 186024.556098 1 194522.106295 194041.368682 194522.106295   3000 194541.363389 0
13   2.00 1 202253.235527 201608.174544 202253.235527   2000 202258.154703 1 204593.988045 204274.833191 204593.988045   2000 204608.193792 1
14   4.00 0 213038.696723 212675.003024 213038.696723   2000 213058.333325 0 215447.206441 215075.087844 215447.206441   5000 215458.361363 0
15   7.00 1 230033.297628 229525.293461 230033.297628   5000 230041.946125 1 235381.213651 235058.767049 235381.213651   2500 235392.051300 1
16   7.50 1 248036.161105 247458.936561 248036.161105   6000 248042.241904 1 254438.138015 254059.020483 254438.138015   5500 254442.388960 1
17   2.00 1 264539.634267 264009.176216 264539.634267   4500 264559.223390 1 269718.666722 269075.948876 269718.666722   2000 269725.926468 0
18   8.00 0 282724.111692 281792.764571 282724.111692   3000 282742.807382 0 286116.709959 285759.529499 286116.709959   4000 286126.233283 1
19   2.50 0 294835.236811 294192.988940 294835.236811   4000 294843.014973 1 299494.617426 298859.772699 299494.617426   3000 299509.723985 1
20   4.50 0 309686.647489 309126.607337 309686.647489   4000 309693.258253 0 314297.021451 313710.026245 314297.021451   4000 314310.027400 1
21   2.50 0 322862.252497 322376.775037 322862.252497   7000 322876.806636 0 330423.231315 329893.625956 330423.231315   2000 330443.620197 1
22   3.00 0 337412.988754 337010.409699 337412.988754   2500 337427.062652 0 340528.085079 339943.765360 340528.085079   6000 340543.773252 1
23   5.00 0 353554.955442 353110.653220 353554.955442   4000 353560.615670 1 358492.634229 357577.399702 358492.634229   2000 358510.727453 0
24   6.00 1 369608.013502 368577.534760 369608.013502   6500 369627.581131 1 377049.143315 376144.356983 377049.143315   7000 377061.028061 0
25   6.50 0 393136.566310 392627.957111 393136.566310   3500 393144.641534 0 397196.059013 396661.364133 397196.059013   4500 397211.367036 1
--------
14 :Total Won