
trial ITIJitter choice1 rts1 stim1ons_ms choice1ons_ms jitter2 jitter2_ms state rts2 stim2ons_ms choice2ons_ms jitter3 jitter3_ms won

1   4.50 0 24376.304741 23820.976527 24376.304741   3500 24404.761469 0 28354.220742 27921.050985 28354.220742   3500 28371.062197 1
2   5.00 1 39069.838563 38437.927569 39069.838563   5000 39087.896499 1 44924.266382 44104.685022 44924.266382   5500 44938.021403 0
3   5.00 0 58157.052075 57504.875386 58157.052075   5500 58171.555526 1 64367.807663 63688.299619 64367.807663   3000 64388.313638 0
4   4.00 1 74040.796371 73455.131851 74040.796371   6000 74055.153538 1 80547.262614 80071.900677 80547.262614   2000 80555.235181 0
5   3.00 1 88077.135522 87622.141615 88077.135522   3000 88088.699787 1 91440.790404 91105.375067 91440.790404   2000 91455.431480 0
6   2.00 0 98031.091474 97522.212801 98031.091474   2500 98038.869956 0 100900.147858 100555.585497 100900.147858   2000 100905.573900 1
7   6.50 0 111762.731102 110972.373507 111762.731102   6000 111772.427017 0 118124.329645 117789.187630 118124.329645   3000 118139.171542 1
8   4.50 0 127809.133485 127206.117756 127809.133485   3500 127822.686401 0 131727.039008 131339.412208 131727.039008   3000 131739.409128 1
9   2.00 0 139117.167743 138306.197026 139117.167743   3000 139122.873204 0 142558.203882 142139.588905 142558.203882   6000 142572.950822 1
10   2.50 0 154336.150936 152639.783792 154336.150936   3000 154356.459297 0 157878.089202 157373.168262 157878.089202   5000 157889.844665 1
11   3.00 0 169859.780077 167456.712763 169859.780077   4500 169873.288723 0 174798.199275 174390.153436 174798.199275   3500 174806.795161 1
12   2.00 0 185546.083988 181873.580652 185546.083988   6500 185556.967191 1 193640.712835 192073.710641 193640.712835   2000 193657.119283 0
13   2.50 1 200841.289701 200223.878950 200841.289701   2500 200857.192490 1 203895.055128 203507.257982 203895.055128   5000 203907.265809 1
14   4.00 1 215460.248641 214974.074078 215460.248641   4500 215474.122679 0 220760.963804 219990.889869 220760.963804   7000 220774.236018 0
15   7.50 0 237802.975694 237341.166994 237802.975694   3000 237824.487383 0 241372.952041 240841.232277 241372.952041   3000 241391.214328 0
16   5.00 0 252001.105162 251458.040562 252001.105162   2000 252008.053089 0 254604.037484 254024.775848 254604.037484   4000 254624.758717 0
17   2.00 1 264234.676499 262691.579176 264234.676499   2500 264241.584966 1 268674.055054 266758.296658 268674.055054   4500 268691.646224 0
18   2.00 0 278114.079705 277258.475826 278114.079705   3000 278125.157313 0 281441.171196 281141.858258 281441.171196   2000 281458.537484 0
19   4.00 0 289818.938794 289525.356339 289818.938794   3000 289825.360605 0 293710.155207 292842.032036 293710.155207   2000 293725.426017 0
20   2.00 0 301721.054129 299792.172371 301721.054129   3500 301725.536373 1 306019.157324 305242.249026 306019.157324   5500 306025.569191 1
21   2.00 0 315985.143987 315592.429910 315985.143987   5000 315992.417528 0 321661.041727 321009.357790 321661.041727   5000 321675.898382 0
22   8.00 1 337399.656870 336742.810269 337399.656870   3000 337409.452876 1 341162.892914 340426.157028 341162.892914   5500 341176.282863 1
23   2.50 1 352429.700605 351276.369511 352429.700605   5500 352443.045962 1 358759.918311 357959.785563 358759.918311   3000 358776.486764 0
24   4.00 0 368199.986591 367843.271614 368199.986591   3500 368209.939468 1 372440.677482 371726.693184 372440.677482   2000 372460.045252 1
25   5.00 0 382002.737081 381526.839727 382002.737081   7000 382010.185138 0 389535.164855 389027.027235 389535.164855   3500 389543.636911 0
--------
11 :Total Won