
trial ITIJitter choice1 rts1 stim1ons_ms choice1ons_ms jitter2 jitter2_ms state rts2 stim2ons_ms choice2ons_ms jitter3 jitter3_ms won

1   2.50 0 22980.573202 22482.873191 22980.573202   3000 22999.795649 0 26342.544517 26016.290318 26342.544517   7000 26349.597667 0
2   6.50 1 42707.428391 41916.586707 42707.428391   4000 42716.596267 1 47172.507346 46733.285662 47172.507346   3500 47183.267040 0
3   3.50 0 56787.524594 56250.137865 56787.524594   2500 56800.156166 0 59638.665798 59316.866574 59638.665798   3500 59650.183226 1
4   2.50 0 67839.556408 67216.995825 67839.556408   3000 67850.361977 0 71275.584830 70867.033728 71275.584830   3000 71283.697909 0
5   5.50 1 82296.469351 81850.557987 82296.469351   5000 82317.202454 1 87681.748524 87333.989694 87681.748524   3500 87700.623222 1
6   5.50 1 99310.622166 98767.466458 99310.622166   2000 99317.529351 1 101847.369216 101334.212010 101847.369216   2500 101867.561126 1
7   6.00 1 112816.102264 112434.343250 112816.102264   4500 112834.383478 1 117704.695481 117351.169275 117704.695481   5000 117717.813068 1
8   7.00 1 132200.354229 131784.681968 132200.354229   3000 132218.057680 0 135766.071932 135234.745150 135766.071932   3000 135784.754149 0
9   6.00 0 147327.176504 146851.601876 147327.176504   2500 147334.959799 0 150984.583226 149851.691059 150984.583226   6000 151001.697042 0
10   3.00 0 162664.423941 162068.503386 162664.423941   2000 162668.534054 0 165297.368559 164685.222167 165297.368559   2000 165301.904055 0
11   2.00 1 171700.448706 171368.685377 171700.448706   3000 171718.682441 1 175127.074104 174735.411616 175127.074104   2000 175135.411424 1
12   2.00 1 182190.546034 181202.153286 182190.546034   2500 182202.262038 1 185068.703887 184718.880376 185068.703887   3000 185085.555608 0
13   3.00 0 193568.481732 193152.360348 193568.481732   2000 193585.691468 1 196273.619598 195602.397866 196273.619598   3500 196285.739171 1
14   4.00 0 206241.474611 205852.573585 206241.474611   2500 206252.639798 1 209304.070109 208769.303690 209304.070109   5000 209319.295044 0
15   4.00 0 221029.128487 220386.137639 221029.128487   2000 221036.098870 1 223757.598914 223052.876165 223757.598914   4500 223769.482377 1
16   8.00 0 238746.312784 238336.435167 238746.312784   4000 238753.092289 0 243276.429180 242769.838146 243276.429180   4000 243286.507170 1
17   4.50 0 254037.460674 253353.335971 254037.460674   2000 254053.354802 0 256408.840144 256070.049009 256408.840144   2500 256420.047678 1
18   3.50 0 264428.535774 263986.841029 264428.535774   3500 264436.843900 0 268449.578450 267953.607561 268449.578450   3000 268470.216275 1
19   3.00 0 276557.433957 276070.335485 276557.433957   4500 276570.377350 0 281632.451545 281087.129783 281632.451545   6000 281653.790964 1
20   4.50 0 294184.406849 293720.706059 294184.406849   4000 294204.041526 0 298838.466323 298220.739583 298838.466323   6500 298854.064993 1
21   6.50 0 313860.438684 313420.967417 313860.438684   6500 313871.014238 0 320855.609654 320387.773407 320855.609654   2000 320871.097325 0
22   2.50 1 328255.418905 327437.896130 328255.418905   2000 328271.197544 1 331145.013023 330287.920623 331145.013023   5500 331154.600828 0
23   2.50 1 341727.498397 341221.464275 341727.498397   4500 341738.064327 0 346914.073224 346254.853331 346914.073224   5000 346921.535075 1
24   3.00 1 357250.044832 356488.363394 357250.044832   4500 357255.032018 1 362356.442616 361771.775468 362356.442616   4000 362371.800042 1
25   2.00 1 371169.607618 370438.589704 371169.607618   2500 371188.592350 1 374343.589048 373705.359861 374343.589048   6500 374355.312110 0
--------
14 :Total Won