
trial ITIJitter choice1 rts1 stim1ons_ms choice1ons_ms jitter2 jitter2_ms state rts2 stim2ons_ms choice2ons_ms jitter3 jitter3_ms won

1   2.50 0 23692.912749 22992.398921 23692.912749   3500 23709.452010 0 27760.249699 27225.806327 27760.249699   2500 27775.817892 1
2   2.00 0 34210.219207 33842.588627 34210.219207   2500 34225.927591 0 37267.379360 36742.635432 37267.379360   2000 37275.935145 0
3   4.00 1 46285.215301 45342.749830 46285.215301   5000 46292.787508 0 51876.205132 51309.507701 51876.205132   2000 51892.875921 0
4   2.50 1 59164.175159 58459.662536 59164.175159   4500 59176.343815 1 65133.867404 63693.076679 65133.867404   3000 65143.082117 1
5   7.50 1 78240.238561 77709.992240 78240.238561   2500 78259.990010 0 81447.257128 80776.659035 81447.257128   3500 81460.046535 0
6   3.50 0 90891.362057 90526.854483 90891.362057   6000 90910.183181 0 97453.463040 96926.947644 97453.463040   4000 97460.339749 0
7   3.50 1 107795.350234 107027.102944 107795.350234   2000 107810.459680 1 111584.405694 109827.184685 111584.405694   2500 111593.860687 1
8   4.00 1 121004.251908 120160.648584 121004.251908   6000 121010.676607 1 127476.141164 127027.414764 127476.141164   5500 127494.150980 1
9   8.00 1 143655.129028 143061.051159 143655.129028   2000 143661.055521 1 146474.217957 145677.761919 146474.217957   5500 146494.442268 1
10   2.50 1 157349.288093 156561.261765 157349.288093   2500 157361.296027 1 160362.208387 159877.979167 160362.208387   3000 160378.005953 1
11   3.00 1 169415.116632 168444.823525 169415.116632   2500 169428.138300 1 173324.254641 171944.851275 173324.254641   8000 173344.908827 1
12   2.50 1 186630.313722 185911.718539 186630.313722   2000 186645.104933 1 190907.133960 188661.784063 190907.133960   2500 190911.866749 1
13   2.00 1 198509.775314 197478.617434 198509.775314   5000 198528.624989 1 203933.314919 203545.366996 203933.314919   3000 203945.405620 1
14   8.00 1 217668.120220 217012.287994 217668.120220   5500 217678.930280 1 224914.093114 223195.689129 224914.093114   4000 224929.036064 1
15   3.00 1 234452.427171 234029.222161 234452.427171   2500 234462.580549 1 237392.134709 236979.280050 237392.134709   2000 237412.592563 1
16   7.00 1 249052.061328 248479.501564 249052.061328   2000 249062.783489 0 251778.722753 251079.498548 251778.722753   2000 251796.153522 0
17   4.00 0 260434.769916 259862.985530 260434.769916   5000 260446.331936 0 265918.769763 265463.064960 265918.769763   3000 265929.738299 1
18   2.00 0 272975.786518 272496.511119 272975.786518   4500 272996.544964 0 278110.098554 277513.259863 278110.098554   5000 278129.922183 1
19   4.50 0 289841.700006 289196.762211 289841.700006   4000 289846.903412 0 294399.646284 293863.619434 294399.646284   4500 294413.549195 1
20   4.50 0 305447.237880 304980.365644 305447.237880   3000 305463.734153 0 308911.073406 308480.425152 308911.073406   3000 308930.432194 1
21   5.50 0 319741.681688 318997.289866 319741.681688   3500 319747.269094 0 323771.165624 323263.996505 323771.165624   5000 323780.654301 1
22   3.00 0 333998.097966 333347.493848 333998.097966   2500 334014.210880 0 336886.219283 336530.886321 336886.219283   2500 336897.599408 0
23   5.00 1 346886.226982 346464.385060 346886.226982   7500 346897.712009 1 354925.743675 354414.507751 354925.743675   2000 354931.201798 0
24   3.50 1 363010.128677 362498.004131 363010.128677   2500 363014.651341 1 365927.754782 365531.410511 365927.754782   3500 365948.051915 1
25   4.50 1 376501.122646 376014.846710 376501.122646   5000 376514.865797 1 381971.623152 381531.628657 381971.623152   2000 381981.622545 0
--------
17 :Total Won