
trial ITIJitter choice1 rts1 stim1ons_ms choice1ons_ms jitter2 jitter2_ms state rts2 stim2ons_ms choice2ons_ms jitter3 jitter3_ms won

1   4.00 1 21068.919466 20746.490508 21068.919466   6000 21096.829227 0 27599.202679 27113.253640 27599.202679   3500 27613.248988 0
2   2.50 0 36284.244555 35680.055011 36284.244555   2000 36296.750373 0 38767.048132 38313.414426 38767.048132   3000 38780.123053 1
3   3.50 0 47185.679149 46846.872936 47185.679149   3500 47196.933199 0 51393.086207 50713.624679 51393.086207   6500 51413.643831 1
4   6.00 0 66035.176244 65480.527809 66035.176244   2500 66047.209200 0 69099.139962 68563.953613 69099.139962   2500 69113.925720 1
5   3.00 0 76905.309559 76180.735271 76905.309559   2000 76914.070658 0 79494.956514 78930.760695 79494.956514   6500 79514.088815 1
6   7.50 0 95648.962575 95081.027490 95648.962575   3000 95664.372934 0 99091.647635 98681.079332 99091.647635   2500 99097.781687 0
7   5.50 1 109789.618146 109164.550177 109789.618146   3500 109797.921461 1 113845.047253 113314.672931 113845.047253   4500 113864.663323 0
8   3.50 1 124549.967936 123931.529336 124549.967936   3000 124564.877523 1 127954.905205 127581.556332 127954.905205   2500 127964.889521 0
9   7.00 0 139839.990774 139531.747995 139839.990774   4000 139848.420484 0 144287.600463 143865.173719 144287.600463   5500 144298.475646 1
10   3.00 0 155043.008300 154365.317278 155043.008300   4000 155048.639656 1 159746.096242 159065.394174 159746.096242   2500 159765.413326 1
11   2.00 0 166902.937550 166332.241003 166902.937550   5000 166915.551800 0 172344.200175 171932.275521 172344.200175   3500 172348.949005 1
12   4.00 0 181938.670706 181415.710116 181938.670706   2000 181949.108315 0 184467.617780 183965.803485 184467.617780   7000 184482.436259 1
13   7.00 0 200465.593520 200049.408618 200465.593520   7000 200482.741663 0 207996.978367 207499.533073 207996.978367   2000 208016.194719 1
14   7.50 0 219745.535802 219083.059449 219745.535802   2000 219766.385676 0 222216.660588 221783.080205 222216.660588   4500 222233.073773 0
15   3.50 1 232668.125032 232299.951655 232668.125032   2000 232683.251481 1 235216.552798 234699.983864 235216.552798   5500 235233.310845 1
16   7.50 1 250790.578306 250333.553083 250790.578306   2000 250800.285450 1 253403.877660 252816.944048 253403.877660   5000 253416.958035 0
17   3.00 1 263995.878338 263483.773361 263995.878338   4000 264000.443669 1 268357.956159 268017.198508 268357.956159   5000 268367.193006 1
18   2.00 1 277910.609848 277434.005445 277910.609848   7000 277917.331930 1 285822.041269 284934.115641 285822.041269   2500 285834.150576 0
19   2.00 0 292953.040063 292400.880088 292953.040063   2500 292967.557630 0 296155.552968 295484.429401 296155.552968   2500 296167.626345 0
20   2.00 0 303079.870999 302734.443757 303079.870999   5500 303084.408421 0 309011.959493 308601.163741 309011.959493   7000 309017.836904 1
21   3.50 0 321644.118467 321084.714466 321644.118467   2500 321651.373401 0 324700.504846 324168.085734 324700.504846   2500 324718.102111 0
22   2.00 1 331847.586399 331284.859532 331847.586399   5500 331868.242510 1 337964.803225 337385.020286 337964.803225   3000 337984.995135 0
23   3.50 1 346909.874249 346551.800356 346909.874249   2500 346918.451528 1 349776.538413 349435.169635 349776.538413   3000 349785.169266 1
24   5.50 1 360699.496245 360351.965184 360699.496245   5000 360718.687895 0 366588.488218 365735.454603 366588.488218   6000 366602.113635 1
25   2.50 1 377753.817622 376668.942114 377753.817622   6000 377768.903008 1 384489.927945 383785.732594 384489.927945   6500 384502.408420 0
--------
14 :Total Won