
trial ITIJitter choice1 rts1 stim1ons_ms choice1ons_ms jitter2 jitter2_ms state rts2 stim2ons_ms choice2ons_ms jitter3 jitter3_ms won

1   2.00 0 18559.809174 17999.795970 18559.809174   7500 18583.480822 0 26653.458292 26099.923360 26653.458292   3000 26666.619188 1
2   6.00 0 38336.813713 37233.426975 38336.813713   4000 38350.129556 0 42828.476554 42366.851352 42828.476554   3000 42833.559017 1
3   8.00 0 55753.752820 55400.402093 55753.752820   2500 55767.035942 1 58713.858865 58283.792224 58713.858865   7500 58733.786113 1
4   4.00 0 72846.064515 72300.645229 72846.064515   3000 72850.711330 0 76487.399705 75867.393989 76487.399705   5000 76500.740571 1
5   4.50 0 88054.690620 87567.637702 88054.690620   3000 88067.667697 0 91513.777317 91084.325012 91513.777317   2500 91534.321146 0
6   7.00 1 103540.016662 103101.177375 103540.016662   6500 103551.177038 1 110372.957495 110068.000689 110372.957495   2500 110384.608697 1
7   2.00 1 117513.801056 116951.429958 117513.801056   6000 117518.102367 1 123897.739919 123534.839883 123897.739919   2000 123918.179488 0
8   3.00 1 131334.944079 130984.950544 131334.944079   2000 131351.595620 1 133726.697996 133368.345006 133726.697996   4000 133735.049752 0
9   4.50 0 144536.405717 144301.863955 144536.405717   4500 144551.849118 0 149322.770932 149068.585190 149322.770932   2000 149335.259748 1
10   2.00 0 155327.406198 154902.026794 155327.406198   4000 155335.364972 0 159746.827350 159352.089334 159746.827350   4500 159752.099408 1
11   2.00 0 168218.371103 167818.896127 168218.371103   2500 168235.572819 0 171248.923950 170752.286435 171248.923950   5000 171268.957064 1
12   3.00 0 182830.802688 180835.776079 182830.802688   7500 182835.807197 0 190795.741612 190352.600372 190795.741612   8000 190802.575975 1
13   6.50 0 207225.848032 206869.562609 207225.848032   3000 207236.199345 0 211109.686644 210252.883928 211109.686644   2500 211119.606800 0
14   3.00 1 219045.778424 218686.405284 219045.778424   5000 219053.074741 0 224625.009584 224069.805200 224625.009584   4000 224636.504235 0
15   6.00 0 237144.314958 236703.377626 237144.314958   3000 237153.384989 0 240616.708836 240170.088820 240616.708836   5000 240636.748686 1
16   2.00 0 249619.929366 249236.941360 249619.929366   5000 249636.920957 1 256360.374042 254653.629921 256360.374042   6000 256370.336544 1
17   2.00 0 268632.329320 266437.176892 268632.329320   4000 268637.194601 0 273072.376426 272653.938212 273072.376426   5000 273087.270935 1
18   4.50 0 284593.798130 284154.129570 284593.798130   5000 284604.115759 0 290068.857230 289620.885035 290068.857230   2000 290087.533351 0
19   3.50 1 298116.912706 297654.346272 298116.912706   2000 298121.037897 1 300457.717835 300137.714139 300457.717835   7000 300471.062230 1
20   3.50 1 313520.277083 313037.939310 313520.277083   4000 313537.933054 0 318456.695760 317554.649076 318456.695760   3000 318471.392335 0
21   5.00 0 329157.340476 328538.214077 329157.340476   7000 329171.515105 0 336721.638951 336188.309724 336721.638951   5000 336738.287284 0
22   4.00 1 348744.689526 347805.155863 348744.689526   4000 348755.163707 1 353117.368244 352771.891598 353117.368244   3000 353138.575492 1
23   3.00 1 361575.791202 361205.341736 361575.791202   4500 361588.676849 0 366632.697279 366105.457192 366632.697279   8000 366638.804064 0
24   2.00 0 379135.879153 378705.690287 379135.879153   5000 379155.673589 0 384817.817912 384172.441260 384817.817912   5500 384822.405058 1
25   2.50 0 394830.684954 394389.249417 394830.684954   3500 394839.274744 0 398686.607389 398355.981623 398686.607389   2000 398706.030979 0
--------
15 :Total Won