
trial ITIJitter choice1 rts1 stim1ons_ms choice1ons_ms jitter2 jitter2_ms state rts2 stim2ons_ms choice2ons_ms jitter3 jitter3_ms won

1   3.50 0 19532.140977 19017.983189 19532.140977   5000 19551.770522 1 25075.986730 24568.099336 25075.986730   6000 25084.758736 1
2   3.00 0 36685.085505 36151.656188 36685.085505   6000 36701.681547 0 43301.521339 42718.351374 43301.521339   3500 43318.394554 0
3   2.00 1 51519.126046 50885.227684 51519.126046   4500 51535.176083 1 56527.977931 56052.080576 56527.977931   5000 56535.199502 1
4   6.00 1 70815.069282 69602.232011 70815.069282   2000 70818.845761 1 73396.767408 72835.540290 73396.767408   2000 73402.212378 1
5   2.50 1 81032.911383 79968.993539 81032.911383   5500 81052.339143 1 87135.945559 86569.097350 87135.945559   3500 87152.433170 1
6   2.50 1 95710.857442 95219.383554 95710.857442   4000 95719.234220 1 100184.769355 99735.926182 100184.769355   6500 100202.658549 1
7   2.00 1 111391.743330 110769.461845 111391.743330   6500 111402.830563 1 118534.023121 117919.606094 118534.023121   4500 118552.957809 1
8   6.50 1 132578.717556 131619.839862 132578.717556   2500 132586.462354 1 135717.480076 135103.670454 135717.480076   5000 135736.568748 1
9   4.00 1 147560.797886 146803.418400 147560.797886   4000 147570.079966 1 151993.856003 151586.842825 151993.856003   4000 152003.471076 1
10   3.00 1 163001.900430 161070.319445 163001.900430   2000 163020.347820 1 165802.908967 165037.043631 165802.908967   7500 165820.400046 1
11   3.50 1 179869.387772 178887.266059 179869.387772   2500 179887.247774 0 185608.942223 182403.996036 185608.942223   5000 185620.695120 1
12   2.00 1 194640.735932 194220.857638 194640.735932   6000 194654.221480 1 201115.922070 200671.002625 201115.922070   7000 201137.622069 1
13   2.00 1 212650.662504 212204.463060 212650.662504   2500 212671.153081 1 215739.855043 215187.818897 215739.855043   4500 215754.536539 0
14   3.50 0 226428.403924 225821.366622 226428.403924   2500 226438.038566 0 229843.985398 228954.722989 229843.985398   6000 229854.774606 1
15   2.00 0 240463.992719 239421.594905 240463.992719   4000 240471.604705 0 244957.854978 244488.342221 244957.854978   4500 244971.703031 1
16   6.00 0 257570.993289 257038.544342 257570.993289   4000 257588.559436 1 262200.777046 261605.312350 262200.777046   2500 262221.966009 1
17   2.50 0 269740.724095 269288.748292 269740.724095   6500 269755.416819 0 276860.833270 276272.182726 276860.833270   5500 276872.193826 1
18   2.00 0 286790.835589 285939.030646 286790.835589   3000 286805.730098 1 290614.836316 289822.434893 290614.836316   7500 290622.453435 0
19   6.50 0 307440.407367 306689.309503 307440.407367   8000 307456.021435 0 315939.743147 315472.856153 315939.743147   4000 315956.172051 1
20   3.00 0 325013.795763 324523.013523 325013.795763   2500 325022.980641 0 327970.867663 327539.694577 327970.867663   6500 327989.697449 1
21   4.50 0 341017.341586 340556.597627 341017.341586   8000 341023.266475 0 349566.824469 349040.050507 349566.824469   2000 349573.419834 1
22   7.50 0 361023.439067 360640.234840 361023.439067   3500 361040.275710 1 365010.775093 364556.944735 365010.775093   5000 365023.645021 1
23   2.00 0 374709.769924 374090.446553 374709.769924   3000 374723.796985 0 378218.309509 377740.475473 378218.309509   5000 378223.845266 1
24   2.50 0 387799.823174 387290.682727 387799.823174   7500 387807.336674 0 395898.606084 395324.271643 395898.606084   7500 395907.493899 1
25   6.00 0 411376.630997 410974.399371 411376.630997   2000 411391.067401 0 413771.663188 413407.782140 413771.663188   4000 413791.124311 1
--------
22 :Total Won