
trial ITIJitter choice1 rts1 stim1ons_ms choice1ons_ms jitter2 jitter2_ms state rts2 stim2ons_ms choice2ons_ms jitter3 jitter3_ms won

1   7.50 0 23092.157710 22607.063608 23092.157710   7000 23107.509041 0 31099.115261 30123.894958 31099.115261   6500 31107.254004 1
2   4.00 0 43805.720154 43174.149530 43805.720154   4500 43824.197378 0 48994.983621 48340.858382 48994.983621   4000 49007.563866 1
3   4.50 0 59548.100869 59074.382079 59548.100869   4000 59557.720113 0 63945.718081 63574.452495 63945.718081   3500 63957.741093 1
4   3.50 0 73116.731453 72524.605342 73116.731453   6500 73124.575379 1 80380.108810 79641.389406 80380.108810   2500 80391.415471 0
5   7.50 1 93248.165575 92458.215399 93248.165575   2500 93258.313500 1 96947.040426 95774.998885 96947.040426   4000 96958.313724 0
6   4.00 0 109052.727313 107025.174604 109052.727313   4500 109058.498538 1 114164.089826 113575.297808 114164.089826   3500 114175.272016 0
7   3.50 0 124177.220887 123242.142841 124177.220887   4000 124192.099356 1 129481.354194 128208.847779 129481.354194   6000 129492.199863 0
8   3.50 1 141517.033455 141059.057054 141517.033455   5500 141525.728148 1 147513.708344 147042.483468 147513.708344   5000 147525.792308 1
9   2.50 1 157861.039546 157092.612928 157861.039546   3500 157876.031578 1 163016.918769 161392.727230 163016.918769   6000 163026.057130 0
10   3.50 0 175672.055175 174592.916888 175672.055175   2000 175676.302592 0 178074.706731 177692.974343 178074.706731   5500 178093.041840 0
11   2.00 0 188152.018694 187659.820114 188152.018694   2000 188159.822520 0 190562.609454 190176.669108 190562.609454   5000 190576.512043 1
12   5.00 0 202829.444734 202143.398427 202829.444734   3500 202843.417900 0 208033.596295 206360.102323 208033.596295   5500 208043.517092 1
13   2.50 0 218376.012491 217610.308839 218376.012491   3500 218393.647931 1 222444.852718 221910.389777 222444.852718   2000 222460.384019 1
14   2.50 0 229512.196726 229027.128929 229512.196726   3000 229527.185230 1 233270.205304 232543.876230 233270.205304   3000 233277.238563 0
15   2.00 1 241170.039417 240344.030792 241170.039417   5500 241177.408556 1 247211.283948 246694.104849 247211.283948   2000 247227.466798 1
16   2.50 1 254258.078352 253794.229352 254258.078352   8000 254277.563856 1 263664.040583 262294.366816 263664.040583   5000 263677.676265 1
17   3.00 1 274659.130069 273744.548374 274659.130069   6000 274677.915583 1 281124.593343 280694.663365 281124.593343   4500 281144.672973 1
18   3.50 1 291768.074056 291244.840464 291768.074056   2000 291778.173220 1 294232.055547 293794.878655 294232.055547   2000 294244.895642 0
19   8.00 0 307647.860300 306311.791810 307647.860300   4000 307661.779250 1 313298.584718 311678.514200 313298.584718   6500 313311.906015 1
20   2.00 0 324647.199769 323878.711236 324647.199769   4500 324662.076955 0 329645.824170 329178.786079 329645.824170   3500 329662.127962 0
21   5.50 1 341080.686798 340729.003920 341080.686798   7500 341095.678190 1 349005.135075 348612.436718 349005.135075   3500 349012.455453 1
22   3.50 1 358544.765813 358079.305425 358544.765813   7000 358562.568391 1 367676.561479 365579.459250 367676.561479   5000 367696.091575 0
23   3.50 0 382623.503098 378263.006189 382623.503098   4000 382629.666664 0 387116.837959 386646.388140 387116.837959   5500 387129.730664 0
24   2.00 1 397208.560341 396696.563795 397208.560341   7000 397213.247577 1 404586.096640 404230.008511 404586.096640   6000 404596.691763 0
25   4.00 0 416999.874567 416663.634768 416999.874567   4000 417013.602319 0 421383.089700 421030.331173 421383.089700   3000 421396.968230 1
--------
13 :Total Won