
trial ITIJitter choice1 rts1 stim1ons_ms choice1ons_ms jitter2 jitter2_ms state rts2 stim2ons_ms choice2ons_ms jitter3 jitter3_ms won

1   2.00 1 17905.580637 16990.710220 17905.580637   4500 17924.416517 0 22964.640579 22440.856810 22964.640579   4000 22974.170639 0
2   3.50 0 32936.222346 32540.948913 32936.222346   2500 32958.099310 1 36194.555094 35474.327351 36194.555094   5500 36207.686156 0
3   7.50 0 53210.213753 51274.569492 53210.213753   4000 53224.617436 1 57846.651582 57241.339232 57846.651582   2000 57858.028178 1
4   2.00 0 67148.562054 63924.814312 67148.562054   5000 67158.187072 0 73352.637264 72174.931003 73352.637264   4000 73358.266695 0
5   3.50 0 83237.612798 82925.112337 83237.612798   5000 83258.469089 1 88956.709073 88275.237722 88956.709073   7000 88975.196563 0
6   5.00 1 103338.669230 103042.093052 103338.669230   2000 103358.731537 0 108011.189248 105375.454616 108011.189248   2000 108025.500218 0
7   2.50 0 118194.507936 114592.330462 118194.507936   6000 118208.978987 1 124688.517122 124225.772964 124688.517122   3000 124709.105223 1
8   2.00 0 136761.120997 131775.891356 136761.120997   3500 136775.994013 0 141496.149576 140292.744200 141496.149576   2500 141509.368216 1
9   5.50 0 156521.511208 151076.211612 156521.511208   2500 156526.285702 1 161595.605207 159043.051929 161595.605207   4000 161609.743586 1
10   2.50 0 173316.118785 170176.580246 173316.118785   6000 173326.557677 1 183026.563997 179343.348767 183026.563997   2500 183043.379468 0
11   2.00 1 193323.614320 189610.188859 193323.614320   5000 193343.608296 0 200525.097451 198360.308919 200525.097451   2000 200543.676049 0
12   2.50 0 208944.578914 207110.497310 208944.578914   3500 208960.486515 0 213504.114765 212477.244402 213504.114765   3000 213510.599133 0
13   4.50 0 225754.538785 223077.486479 225754.538785   5000 225760.762661 1 233938.517042 230777.636518 233938.517042   5500 233944.330292 1
14   3.50 1 245804.578099 245011.068626 245804.578099   6500 245811.121174 1 253286.105847 252327.858529 253286.105847   3000 253294.550314 1
15   5.50 1 264521.477844 263861.388257 264521.477844   3500 264528.047225 1 268716.644387 268044.771427 268716.644387   5000 268728.150266 0
16   4.50 0 280779.968427 280294.995587 280779.968427   7500 280794.980991 1 289138.963342 288311.834797 289138.963342   2000 289145.124020 0
17   7.50 0 304032.083393 300711.992118 304032.083393   2000 304045.388008 1 308307.466438 306062.083178 308307.466438   2000 308328.821255 0
18   4.50 0 322950.632124 316895.689353 322950.632124   5000 322962.381812 1 329592.491184 327979.102968 329592.491184   4000 329612.496387 0
19   2.50 1 339931.512334 338179.320856 339931.512334   4000 339945.981460 1 345436.977354 343962.691066 345436.977354   2000 345446.106412 0
20   5.50 0 358502.051046 355012.889177 358502.051046   8000 358512.928796 1 368812.449293 366529.711545 368812.449293   3500 368829.799861 0
21   2.00 1 378084.481563 376396.596741 378084.481563   3000 378096.563282 0 382894.035620 381113.295023 382894.035620   5000 382913.328643 1
22   4.00 1 395836.541512 393480.211177 395836.541512   8000 395846.909828 0 404992.005618 403863.666913 404992.005618   5000 405013.694710 0
23   2.00 1 416345.483703 414080.529926 416345.483703   5500 416363.872386 0 422641.528313 421880.623536 422641.528313   6000 422647.307558 0
24   2.50 0 434287.955911 433214.168278 434287.955911   6000 434297.527997 1 441166.407940 440314.310425 441166.407940   7500 441181.033938 0
25   7.50 0 458670.498966 458247.936522 458670.498966   2500 458681.281757 1 461597.441477 461197.970671 461597.441477   6000 461614.638381 1
--------
8 :Total Won