
trial ITIJitter choice1 rts1 stim1ons_ms choice1ons_ms jitter2 jitter2_ms state rts2 stim2ons_ms choice2ons_ms jitter3 jitter3_ms won

1   7.50 1 24100.675320 23355.704129 24100.675320   3500 24122.650888 0 28089.378924 27639.085407 28089.378924   3500 28105.883538 0
2   6.50 0 40803.824535 40172.669671 40803.824535   7000 40822.672927 1 48553.214130 47839.399857 48553.214130   2000 48572.748075 1
3   3.50 0 56926.257920 56139.552013 56926.257920   5000 56939.568630 1 62576.195091 61956.302297 62576.195091   2000 62589.658824 1
4   6.00 0 73078.268594 72656.519704 73078.268594   2000 73089.862373 1 75582.216542 75106.528029 75582.216542   3000 75589.886914 1
5   3.50 0 84938.774004 84156.735764 84938.774004   3500 84956.692071 1 88968.780526 88473.419161 88968.780526   8000 88990.080165 1
6   3.00 0 102451.108996 102057.000714 102451.108996   4000 102456.981274 1 106853.246627 106473.854168 106853.246627   6500 106873.714747 0
7   4.00 1 120445.239284 119440.599848 120445.239284   5500 120457.310096 0 126290.116191 125974.044564 126290.116191   2000 126307.443982 0
8   5.00 0 137033.158400 135374.196431 137033.158400   2000 137040.854757 1 139654.912487 139057.582970 139654.912487   3000 139674.255234 1
9   5.50 0 150846.865237 150241.168245 150846.865237   5000 150857.764479 0 157471.057738 155874.600160 157471.057738   5000 157491.234571 0
10   2.50 0 168100.078308 167058.048774 168100.078308   2000 168108.080710 1 170659.116916 170124.763047 170659.116916   2000 170674.757289 0
11   5.00 1 180303.682260 179741.616244 180303.682260   4500 180308.269726 0 185287.227050 184825.040124 185287.227050   2500 185291.720200 0
12   2.00 0 192928.180806 191858.455487 192928.180806   2500 192941.799166 1 196022.072450 195458.575017 196022.072450   3500 196041.877473 1
13   2.00 0 204897.149643 203608.649010 204897.149643   6500 204908.690169 1 212076.119863 211425.444527 212076.119863   5500 212092.154502 1
14   2.00 0 222876.051789 221658.944966 222876.051789   8000 222892.276342 1 231698.229398 230909.172014 231698.229398   2000 231709.152701 1
15   3.50 0 239956.191941 239275.920388 239956.191941   3000 239975.918688 1 243384.708787 242992.713627 243384.708787   4000 243392.661144 1
16   5.00 0 255028.162874 254459.510476 255028.162874   5500 255042.838917 1 261014.050800 260559.639791 261014.050800   5500 261026.274313 1
17   3.00 0 272413.163911 271626.466987 272413.163911   5500 272426.449278 1 278423.975896 277943.237320 278423.975896   5000 278443.216949 0
18   6.50 1 293680.028384 292010.117128 293680.028384   4500 293693.487305 1 300059.968131 298210.240380 300059.968131   2000 300076.913527 0
19   3.00 0 307552.116025 307143.692281 307552.116025   3500 307560.385013 1 311512.217899 311077.229837 311512.217899   5500 311527.126202 0
20   2.50 1 322832.031038 321594.004406 322832.031038   7000 322843.970321 0 330256.981210 329860.816588 330256.981210   2000 330277.407626 1
21   3.00 1 337121.672443 336844.232416 337121.672443   7000 337127.516811 0 344596.203182 344144.376873 344596.203182   5000 344611.022623 1
22   6.50 1 360471.056776 357677.906922 360471.056776   2500 360477.907820 0 363694.591826 362994.664423 363694.591826   7000 363711.309773 0
23   3.50 0 378996.043230 376278.214122 378996.043230   5500 379011.568435 1 385067.502163 384528.399465 385067.502163   2000 385078.309336 0
24   2.00 1 391720.607252 391145.093223 391720.607252   3500 391728.456953 0 395587.103316 395245.159341 395587.103316   5000 395595.178540 1
25   3.50 1 406561.492742 405662.045516 406561.492742   4000 406578.670398 0 411235.060819 410595.482981 411235.060819   3000 411245.451912 1
--------
14 :Total Won