
trial ITIJitter choice1 rts1 stim1ons_ms choice1ons_ms jitter2 jitter2_ms state rts2 stim2ons_ms choice2ons_ms jitter3 jitter3_ms won

1   6.50 0 27812.385775 25713.266665 27812.385775   3500 27830.310899 1 32227.247690 31380.112659 32227.247690   5500 32246.884934 0
2   2.00 1 42741.290952 41813.538416 42741.290952   5500 42746.888944 0 51042.893453 48263.685327 51042.893453   2500 51063.692962 1
3   2.50 0 60468.090321 57630.491125 60468.090321   5000 60480.762315 0 66840.290724 65497.379851 66840.290724   3500 66847.323342 1
4   6.50 0 80632.373270 78414.203630 80632.373270   3000 80647.521854 0 84712.850585 83664.251671 84712.850585   2000 84730.930977 1
5   2.50 1 91718.352657 90797.762343 91718.352657   5000 91731.017272 1 97759.349530 96747.826969 97759.349530   2000 97764.465677 0
6   2.00 0 105501.432220 103831.303139 105501.432220   3500 105514.610760 0 109824.312867 109031.392386 109824.312867   5000 109831.370507 1
7   6.00 0 124349.230990 122398.270044 124349.230990   2000 124364.901840 0 127480.907639 126381.658604 127480.907639   3000 127498.295740 1
8   4.00 0 137826.810309 136065.159347 137826.810309   4000 137831.796853 1 144105.269844 141848.650499 144105.269844   2000 144115.232025 0
9   5.50 1 154580.279220 153682.090820 154580.279220   5500 154598.817717 0 161155.451274 160115.507273 161155.451274   4000 161165.585083 1
10   4.00 0 171685.880131 170732.306254 171685.880131   4000 171699.077599 1 176916.306005 175715.810944 176916.306005   3000 176932.457416 0
11   4.50 1 187215.873661 186499.287339 187215.873661   4000 187232.668279 0 191912.116012 191249.339068 191912.116012   2000 191932.686148 1
12   3.00 1 199320.307495 198499.457043 199320.307495   3500 199332.816201 0 203406.242612 202849.528534 203406.242612   2500 203416.208963 1
13   7.50 0 216106.872250 214983.109462 216106.872250   6000 216116.927415 1 223120.180393 222133.250503 223120.180393   2000 223133.200457 0
14   3.00 0 231501.284331 230199.998781 231501.284331   5000 231516.686027 1 237512.310932 236533.490911 237512.310932   3500 237516.789325 0
15   5.00 1 248397.162636 248083.626306 248397.162636   4000 248416.953223 0 252768.269746 252433.742388 252768.269746   2000 252783.693578 1
16   7.00 1 263699.792345 263350.571621 263699.792345   4000 263717.256156 0 268132.171646 267733.980840 268132.171646   5500 268150.663948 1
17   7.50 1 283097.147141 282750.853734 283097.147141   2000 283117.568746 0 285559.798588 285134.301128 285559.798588   6500 285567.537291 0
18   7.00 0 301912.214178 301134.537560 301912.214178   2500 301917.792922 1 304905.059334 304434.564603 304905.059334   4000 304917.907127 1
19   2.50 0 313875.466326 313484.751486 313875.466326   5000 313884.755785 1 319246.132974 318901.519927 319246.132974   3500 319251.428771 1
20   5.50 0 330816.092640 330318.339376 330816.092640   5500 330835.032140 1 336704.289987 336351.778157 336704.289987   5500 336718.450822 1
21   3.00 0 347969.308246 347285.300956 347969.308246   2000 347985.288669 1 350538.705225 350002.095798 350538.705225   2500 350551.977118 1
22   7.50 0 363636.253368 362618.896384 363636.253368   4000 363652.205240 0 370273.076480 367668.988631 370273.076480   6000 370285.627853 0
23   5.00 1 383887.287874 383352.544873 383887.287874   4000 383902.532699 0 389742.246620 387919.263798 389742.246620   2500 389752.640600 0
24   2.00 0 397814.142485 396319.399626 397814.142485   2000 397819.424167 1 400448.042130 399836.129282 400448.042130   3000 400452.785827 0
25   2.50 1 409076.183703 408019.584311 409076.183703   6500 409086.274846 0 416303.188546 415603.048773 416303.188546   2500 416319.707596 0
--------
14 :Total Won