
trial ITIJitter choice1 rts1 stim1ons_ms choice1ons_ms jitter2 jitter2_ms state rts2 stim2ons_ms choice2ons_ms jitter3 jitter3_ms won

1   5.50 1 20361.088468 19974.715039 20361.088468   5000 20375.112000 1 26162.809505 25408.172876 26162.809505   3000 26174.835084 0
2   2.00 0 33851.037906 33241.626350 33851.037906   2000 33858.289632 0 36631.993119 35875.111198 36631.993119   3500 36641.685826 1
3   2.00 0 44253.514304 43708.530025 44253.514304   4000 44258.452728 1 49232.903748 48275.193772 49232.903748   5500 49241.880425 0
4   2.00 1 59103.474637 58808.728633 59103.474637   5500 59108.738354 0 65075.534079 64625.461915 65075.534079   2000 65092.111514 1
5   2.50 1 73118.741918 71158.948334 73118.741918   4000 73125.613173 1 77914.876833 77142.447571 77914.876833   2500 77925.712557 0
6   2.50 0 85297.911034 84992.507352 85297.911034   8000 85309.120493 1 93940.029302 93325.978309 93940.029302   4500 93959.270355 0
7   3.50 1 105245.499712 104026.163316 105245.499712   7500 105259.505920 1 113670.474905 112776.286263 113670.474905   2500 113676.357128 0
8   2.50 0 124052.851784 120743.098349 124052.851784   3000 124059.785595 1 128182.934047 127076.588234 128182.934047   6500 128193.211897 1
9   6.00 0 143366.972615 142760.144476 143366.972615   2000 143376.834385 1 145856.796941 145393.530517 145856.796941   2000 145876.818826 0
10   2.50 1 152876.073924 152443.907636 152876.073924   2000 152893.614407 1 155778.896307 154910.295782 155778.896307   6000 155793.647097 0
11   7.00 1 171712.803426 170860.587857 171712.803426   2000 171727.237906 0 174399.420439 173743.924093 174399.420439   3500 174410.648504 0
12   5.00 0 185731.844620 184977.450517 185731.844620   3000 185744.134218 1 189280.466792 188760.846390 189280.466792   5000 189294.173372 0
13   2.00 1 198897.464029 198361.010192 198897.464029   5000 198910.996734 0 204466.050984 203927.889518 204466.050984   2000 204477.849113 1
14   6.00 1 215015.758428 214044.638294 215015.758428   4000 215027.937029 0 219675.774552 219044.738705 219675.774552   3000 219694.710202 1
15   7.50 1 232646.777273 231761.566270 232646.777273   5500 232661.595431 1 239033.863202 238178.326050 239033.863202   2500 239045.036409 0
16   4.50 0 248792.430295 248111.906593 248792.430295   2500 248811.861584 1 251728.452141 251328.574238 251728.452141   2000 251745.210829 0
17   5.50 1 262348.838970 261312.054226 262348.838970   2500 262362.031304 0 265518.413224 264878.828008 265518.413224   4000 265528.802071 0
18   6.50 0 279935.849895 278095.653488 279935.849895   3000 279945.805660 1 283396.784410 282962.406514 283396.784410   3000 283412.410027 1
19   2.00 0 290931.860404 290479.225032 290931.860404   2500 290945.891314 1 293864.776245 293462.584720 293864.776245   4000 293879.266865 1
20   2.50 0 302821.686782 302446.051555 302821.686782   3000 302829.384744 1 306785.875351 305846.185457 306785.875351   2500 306796.179827 1
21   2.00 0 317003.695316 313362.905489 317003.695316   7500 317012.924465 1 325036.720584 324529.748758 325036.720584   6000 325046.416820 0
22   2.00 1 335489.851273 335113.275454 335489.851273   2000 335496.634628 0 337945.803735 337513.321457 337945.803735   4000 337963.327536 0
23   3.00 0 347461.927717 347030.114311 347461.927717   5000 347480.113975 1 352799.524508 352496.899931 352799.524508   4500 352813.576912 1
24   5.50 0 365556.894047 364880.487516 365556.894047   2500 365563.760491 0 370124.684772 368080.470899 370124.684772   7000 370130.501872 0
25   4.00 1 383717.322241 383197.430441 383717.322241   2500 383730.741383 1 387142.667961 386247.433826 387142.667961   5000 387147.425453 1
--------
10 :Total Won