
trial ITIJitter choice1 rts1 stim1ons_ms choice1ons_ms jitter2 jitter2_ms state rts2 stim2ons_ms choice2ons_ms jitter3 jitter3_ms won

1   3.00 1 19015.796604 18471.294169 19015.796604   5500 19038.270378 0 24925.934873 24554.758470 24925.934873   4000 24938.105133 0
2   2.00 0 33307.454248 33004.897682 33307.454248   3500 33322.026019 1 37167.431298 36838.264218 37167.431298   4500 37188.306195 0
3   2.50 0 46636.399654 46255.085271 46636.399654   4000 46655.118442 1 51025.384088 50671.900228 51025.384088   2500 51038.487561 0
4   2.50 1 58378.418505 58105.323739 58378.418505   2000 58388.617437 0 60854.219619 60405.325760 60854.219619   5000 60872.019951 0
5   3.00 0 71344.906902 70938.866395 71344.906902   3500 71355.494004 1 75250.333233 74872.218207 75250.333233   3500 75255.530864 0
6   5.00 1 95089.503396 85822.449970 95089.503396   3000 95105.914335 0 98657.177027 98122.606618 98657.177027   3000 98672.601180 1
7   3.50 1 109833.357554 106739.414582 109833.357554   3000 109839.444769 0 113717.751154 112856.178435 113717.751154   4000 113722.894890 1
8   2.50 1 124600.256834 121789.678136 124600.256834   2000 124606.403718 0 127097.807993 126623.226247 127097.807993   6000 127106.423448 1
9   2.00 1 138674.805089 136673.251125 138674.805089   4000 138690.014626 0 143490.270882 142706.710437 143490.270882   2500 143506.689200 0
10   3.00 1 152116.822560 151073.486080 152116.822560   2000 152123.508713 0 154608.263727 154140.278629 154608.263727   2500 154623.535179 1
11   3.00 1 162081.212914 161690.373282 162081.212914   2000 162090.337160 0 164462.330966 164107.110926 164462.330966   3000 164473.721356 0
12   3.50 1 178201.302520 173040.528823 178201.302520   2000 178207.296702 0 180618.850509 180223.948564 180618.850509   2500 180623.995529 1
13   3.50 1 193056.157968 188190.754555 193056.157968   4500 193074.212696 0 198034.157698 197590.940428 198034.157698   2500 198041.073865 0
14   2.50 0 208314.181463 205107.706655 208314.181463   7500 208324.454180 1 216279.280146 215841.331726 216279.280146   4500 216291.280381 0
15   4.00 1 229302.843363 226858.093622 229302.843363   3500 229308.100985 0 233160.280625 232825.055523 233160.280625   6000 233174.881921 1
16   2.50 1 245672.273642 243241.659713 245672.273642   2000 245691.737331 0 249188.833273 247708.416141 249188.833273   6000 249208.436832 0
17   2.50 0 264961.249703 259775.287286 264961.249703   2000 264975.359852 1 268550.225861 266992.041869 268550.225861   2500 268558.739300 1
18   2.00 0 276225.227280 275125.527839 276225.227280   2000 276242.190961 1 280086.300510 278258.986222 280086.300510   5500 280092.263575 1
19   5.00 0 293567.832108 292659.126861 293567.832108   2000 293575.860495 1 296594.236346 295592.519094 296594.236346   2000 296609.243456 1
20   2.50 0 306217.093670 303176.020447 306217.093670   2000 306226.014849 1 310314.190445 308242.710019 310314.190445   3000 310326.089628 1
21   6.00 0 328203.260373 321426.305239 328203.260373   5000 328209.690205 1 336943.154554 333226.493806 336943.154554   3000 336959.872821 0
22   3.50 1 349477.153615 345526.666493 349477.153615   2000 349493.392284 1 352505.741872 351510.214812 352505.741872   3500 352526.785190 1
23   2.50 1 365372.087480 360593.596346 365372.087480   2000 365377.034245 0 368232.338174 367393.704071 368232.338174   3500 368243.707071 0
24   6.00 0 383031.104306 379810.562658 383031.104306   4500 383043.995087 0 388293.167338 387560.722497 388293.167338   5000 388310.739580 0
25   3.00 1 402082.276051 398377.578645 402082.276051   4500 402094.329859 0 407145.053444 406611.038664 407145.053444   2000 407161.055361 0
--------
11 :Total Won