
trial ITIJitter choice1 rts1 stim1ons_ms choice1ons_ms jitter2 jitter2_ms state rts2 stim2ons_ms choice2ons_ms jitter3 jitter3_ms won

1   5.50 0 21382.710512 20710.153603 21382.710512   7000 21410.414319 1 28824.746270 28426.911875 28824.746270   3000 28843.624176 0
2   4.50 1 38725.741044 38410.408865 38725.741044   3500 38743.751181 1 43080.286438 42260.476987 43080.286438   3000 43093.853148 1
3   2.50 1 51035.324133 50660.626609 51035.324133   3000 51043.946645 0 54899.740118 54060.698918 54899.740118   6000 54910.683632 0
4   7.50 0 71633.242643 70477.638667 71633.242643   3000 71644.328271 1 75072.711023 74661.012534 75072.711023   3500 75077.702379 1
5   3.00 0 84248.699389 83644.522356 84248.699389   2500 84277.854182 1 104628.787667 86794.609181 104628.787667   3500 104644.810116 1
6   3.50 0 114097.212264 113711.684149 114097.212264   5000 114111.668558 1 119458.249724 119128.408319 119458.249724   3000 119478.448692 1
7   3.00 0 127858.745171 127545.289682 127858.745171   7000 127878.602484 1 135268.583009 134895.342246 135268.583009   3000 135278.686342 1
8   3.00 0 144363.189720 143345.497819 144363.189720   6500 144378.925692 1 151422.182293 150895.608191 151422.182293   6000 151428.942550 1
9   6.50 0 166831.623620 165995.876734 166831.623620   3000 166845.861768 1 170516.189426 169862.574582 170516.189426   3500 170529.266913 1
10   3.50 0 181026.609551 179596.104375 181026.609551   7500 181046.087035 1 189286.492734 188562.908762 189286.492734   6000 189296.281361 1
11   4.50 0 202647.210676 201863.119625 202647.210676   8000 202663.119881 0 211380.558894 210680.036084 211380.558894   3000 211396.651599 0
12   3.50 0 220407.720225 219963.419606 220407.720225   2000 220413.468352 1 223118.676795 222430.225437 223118.676795   6000 223130.209942 0
13   2.50 1 234564.214104 233697.039865 234564.214104   2000 234580.322528 0 241080.713425 236597.051382 241080.713425   3000 241097.136234 0
14   2.50 0 249198.685418 248663.941134 249198.685418   3000 249213.931847 1 252808.598388 252230.638886 252808.598388   4000 252813.930435 1
15   2.50 0 261660.136424 261380.750413 261660.136424   3500 261680.732865 1 265511.174651 265197.513529 265511.174651   3500 265530.819273 0
16   3.00 1 274468.543614 274097.664594 274468.543614   2500 274480.982385 0 277603.664070 276997.738347 277603.664070   7500 277614.343564 1
17   5.00 1 292150.160609 291731.287708 292150.160609   2500 292164.571349 0 295088.650704 294681.385697 295088.650704   3000 295097.979622 0
18   2.50 0 303128.161302 302664.763349 303128.161302   2500 303148.137312 1 306064.468661 305664.817565 306064.468661   2500 306081.551039 0
19   2.00 1 313788.554367 312648.276700 313788.554367   4500 313798.268247 0 318671.576218 318315.025492 318671.576218   3500 318681.716123 0
20   2.50 0 327433.186117 326748.526637 327433.186117   2000 327448.523654 1 330002.521823 329465.229410 330002.521823   3000 330015.232313 0
21   3.50 0 339029.552908 338582.029835 339029.552908   3500 339048.729159 1 343014.605146 342565.420640 343014.605146   5000 343032.176425 0
22   3.00 1 353481.569132 353098.932724 353481.569132   2500 353499.008562 0 356354.011579 356015.727311 356354.011579   3500 356365.706410 1
23   3.00 1 364836.508470 364432.517246 364836.508470   2000 364849.131701 1 368185.126407 366865.823022 368185.126407   3500 368199.177849 0
24   2.50 1 378201.724374 376265.985476 378201.724374   5000 378216.038873 0 383699.407703 383232.766765 383699.407703   6500 383716.103836 1
25   6.00 1 398385.081880 397783.054219 398385.081880   2000 398399.726484 1 400963.110353 400416.419088 400963.110353   3000 400983.061341 0
--------
12 :Total Won