
trial ITIJitter choice1 rts1 stim1ons_ms choice1ons_ms jitter2 jitter2_ms state rts2 stim2ons_ms choice2ons_ms jitter3 jitter3_ms won

1   3.00 0 18765.597787 18351.252683 18765.597787   4500 18784.927061 0 24098.983411 23301.315063 24098.983411   3000 24118.026850 1
2   2.00 0 31278.963835 30684.775290 31278.963835   3500 31284.773236 1 35544.648400 34801.537860 35544.648400   7000 35551.503614 1
3   2.00 0 46935.099219 46618.356795 46935.099219   4500 46951.729587 1 51959.618746 51468.529178 51959.618746   3000 51968.443363 1
4   7.00 0 64597.580384 64035.319321 64597.580384   2500 64618.681126 1 67521.069143 67135.451524 67521.069143   2500 67535.354449 1
5   6.50 0 78991.176986 78602.212442 78991.176986   3000 79002.203267 1 82554.547382 82018.933084 82554.547382   4000 82568.952668 1
6   3.50 0 92623.907309 92135.766872 92623.907309   5500 92635.816115 1 98775.571837 98152.527485 98775.571837   7500 98785.911922 1
7   3.00 0 111837.911978 111352.775208 111837.911978   5500 111852.770236 1 117747.542096 117369.587471 117747.542096   4000 117752.860991 1
8   2.50 0 126742.938269 126319.674232 126742.938269   6000 126753.029733 1 133192.583446 132769.792913 133192.583446   5000 133203.116975 1
9   2.50 0 143835.865583 142769.944010 143835.865583   2500 143853.307258 0 147126.581032 146369.997135 147126.581032   2000 147136.727994 0
10   3.50 1 154975.552012 154703.460393 154975.552012   3500 154986.819856 0 158852.027580 158504.015637 158852.027580   5500 158870.279280 1
11   5.50 1 171754.571186 171437.079369 171754.571186   4500 171770.410136 0 176628.009402 176287.144283 176628.009402   5000 176637.134931 0
12   4.00 0 188551.959153 187704.024683 188551.959153   5500 188570.766482 1 194546.035547 194087.433261 194546.035547   2000 194554.147022 0
13   2.00 1 201728.847048 200620.884393 201728.847048   4000 201737.594673 0 206111.024067 205754.325131 206111.024067   5000 206120.986568 1
14   2.50 1 215594.921257 215221.126470 215594.921257   2000 215604.494626 0 218022.933803 217621.179851 218022.933803   8000 218037.883170 1
15   2.00 1 230020.076100 229604.694165 230020.076100   3500 230038.087200 0 233918.410786 233554.755262 233918.410786   2000 233938.073373 0
16   2.50 0 240932.935410 240504.926394 240932.935410   5000 240938.208751 1 246391.922979 245954.960703 246391.922979   2000 246405.024848 1
17   4.50 0 255327.115873 254971.779061 255327.115873   5000 255338.489902 1 260719.825137 260355.183468 260719.825137   4500 260738.608406 0
18   4.00 1 271566.957922 271305.399833 271566.957922   4000 271572.061239 0 277054.050941 275588.837571 277054.050941   2000 277072.165018 1
19   3.00 1 283985.452919 283638.932705 283985.452919   6500 284005.579386 1 291388.986038 290522.353954 291388.986038   2000 291405.706231 1
20   6.00 0 301852.469645 301472.528615 301852.469645   5500 301872.572051 1 307809.856893 307389.323201 307809.856893   4000 307822.637960 0
21   3.00 1 317268.806928 316889.452645 317268.806928   2000 317289.429675 0 319762.724365 319306.162058 319762.724365   3500 319772.821282 0
22   2.00 0 327866.473929 327339.620408 327866.473929   5500 327872.942898 1 333754.464359 333389.745055 333754.464359   2000 333773.070866 0
23   4.50 1 342831.873845 342339.883786 342831.873845   4500 342839.874002 1 347940.015187 347356.600771 347940.015187   2000 347956.648763 0
24   2.00 0 355454.527460 354023.392550 355454.527460   6500 355473.395421 0 362505.798654 361990.202711 362505.798654   7000 362523.526164 1
25   4.00 0 375422.866563 375090.436929 375422.866563   4000 375440.397743 1 379784.415703 379457.145204 379784.415703   5500 379790.482386 0
--------
15 :Total Won