
trial ITIJitter choice1 rts1 stim1ons_ms choice1ons_ms jitter2 jitter2_ms state rts2 stim2ons_ms choice2ons_ms jitter3 jitter3_ms won

1   2.00 0 16297.757050 15846.574911 16297.757050   2500 16313.548521 1 19194.086403 18829.964433 19194.086403   2500 19213.343496 1
2   3.50 0 27636.504556 27280.114552 27636.504556   3000 27646.770857 1 31268.139981 30663.595951 31268.139981   2500 31280.233249 1
3   2.50 0 39166.477875 38346.939823 39166.477875   2000 39180.307322 1 41829.674428 41196.999604 41829.674428   2000 41847.042961 1
4   3.00 0 49504.629652 48913.800864 49504.629652   3000 49513.785016 1 53029.498051 52530.503604 53029.498051   3000 53047.217862 1
5   4.00 0 62489.625749 62114.076496 62489.625749   2500 62497.355149 1 65825.422520 65014.176875 65825.422520   4000 65830.771891 1
6   2.00 0 74500.476872 73897.544230 74500.476872   4500 74514.212645 1 79510.120176 79030.933639 79510.120176   3000 79530.945349 1
7   3.00 0 87888.548304 87597.753938 87888.548304   2000 87897.757563 1 90586.079317 89914.462999 90586.079317   3500 90597.802379 1
8   2.00 0 98772.478666 98164.602788 98772.478666   7000 98781.274411 1 106073.486722 105798.112338 106073.486722   2500 106081.507409 1
9   4.00 0 115360.521290 114648.199067 115360.521290   5000 115364.848907 0 121024.557061 120381.625561 121024.557061   2500 121031.625288 0
10   6.00 1 131911.523812 131598.512313 131911.523812   7500 131931.842118 0 139797.067486 139448.617007 139797.067486   2500 139815.390404 0
11   6.00 0 150769.052181 150382.112859 150769.052181   4000 150782.212756 1 155122.441084 154798.873600 155122.441084   3000 155132.196668 0
12   3.50 0 164044.465061 163699.037498 164044.465061   3500 164049.054132 0 168347.386700 167565.719948 168347.386700   2000 168365.736887 1
13   3.50 0 176086.529883 175432.561837 176086.529883   2000 176099.272133 1 178866.332134 178115.902821 178866.332134   5000 178882.605129 1
14   2.50 0 190115.513047 188482.836620 190115.513047   3500 190132.784698 0 194116.494380 193649.496710 194116.494380   2500 194132.827685 0
15   2.00 0 201035.499291 200699.640285 201035.499291   6500 201049.637029 1 207959.453854 207566.418013 207959.453854   6000 207966.415896 0
16   2.50 1 218835.406836 218533.258971 218835.406836   3500 218849.933064 0 222711.476911 222366.653738 222711.476911   3500 222716.619044 1
17   2.50 1 230577.362810 230283.455382 230577.362810   4500 230583.433343 0 235442.404679 235100.184493 235442.404679   3500 235450.182841 1
18   5.50 1 246327.010008 246017.109004 246327.010008   4500 246333.708030 0 251227.386276 250850.439611 251227.386276   6000 251233.754835 1
19   8.00 1 267307.501727 266800.730402 267307.501727   7000 267317.418995 0 274610.451917 274334.164210 274610.451917   4000 274617.490309 1
20   3.00 1 283638.708786 283184.301946 283638.708786   5000 283651.029822 0 289074.021819 288667.719538 289074.021819   2000 289084.518135 1
21   2.50 1 295830.393345 295151.187817 295830.393345   3500 295851.194778 0 299836.613051 299368.026449 299836.613051   3000 299851.293264 0
22   5.00 0 310232.954434 309918.121743 310232.954434   3000 310251.400220 1 313716.489440 313268.112392 313716.489440   5500 313734.844759 0
23   5.50 1 327172.456017 326801.686391 327172.456017   2000 327185.060964 0 329550.918792 329201.717958 329550.918792   5500 329568.445481 1
24   4.00 1 341248.965334 340635.256958 341248.965334   4500 341268.584933 1 346398.436861 345785.397036 346398.436861   4500 346418.649944 0
25   4.50 0 357822.423664 357485.576268 357822.423664   6500 357835.546064 1 364669.312320 364352.308763 364669.312320   4000 364685.646266 0
--------
16 :Total Won