
trial ITIJitter choice1 rts1 stim1ons_ms choice1ons_ms jitter2 jitter2_ms state rts2 stim2ons_ms choice2ons_ms jitter3 jitter3_ms won

1   3.00 0 18600.353075 17945.625690 18600.353075   7000 18612.563114 1 25981.233733 25629.092750 25981.233733   2000 25995.759962 0
2   3.50 1 33804.211102 33562.544652 33804.211102   3000 33812.521153 1 37527.220197 36829.230117 37527.220197   3500 37545.892469 0
3   3.00 1 46330.099651 46112.769229 46330.099651   4000 46346.126911 1 51021.109724 50362.799946 51021.109724   3500 51029.500617 0
4   4.00 0 65285.117457 60596.350430 65285.117457   2000 65296.349692 1 70398.182144 67313.075338 70398.182144   4500 70413.113866 0
5   3.00 1 81134.022993 79979.946997 81134.022993   2000 81146.627619 1 83930.270831 83163.327600 83930.270831   2000 83946.690752 0
6   3.50 0 91989.716697 91513.491482 91989.716697   4500 91996.847480 1 97881.126554 96513.574891 97881.126554   3000 97896.897493 0
7   2.00 1 105507.641019 104963.732067 105507.641019   3000 105513.751973 0 109710.158736 108530.421158 109710.158736   5000 109730.444962 1
8   2.00 1 118974.010880 118297.231256 118974.010880   5000 118980.624851 0 124338.612449 123997.329324 124338.612449   5000 124347.329918 1
9   6.50 1 137870.159942 137414.267149 137870.159942   3500 137880.884348 0 141838.968057 141397.618816 141838.968057   6000 141847.613347 0
10   3.00 0 153571.056166 152914.523951 153571.056166   8000 153581.162708 1 162046.971165 161597.965667 162046.971165   4000 162064.645422 0
11   3.50 1 172287.038418 171631.482723 172287.038418   3000 172298.099987 0 175916.643810 175314.878244 175916.643810   2500 175931.749727 1
12   2.00 1 182433.181947 181998.266387 182433.181947   4000 182448.289148 0 186829.638819 186465.024097 186829.638819   2000 186848.351191 1
13   5.00 1 195905.645439 195415.198757 195905.645439   6000 195915.196352 0 202353.045645 201931.982950 202353.045645   5000 202365.274611 0
14   3.00 0 213371.967179 212432.186178 213371.967179   3500 213382.206533 1 217433.175852 216898.891277 217433.175852   4500 217448.863062 0
15   4.50 1 229388.580866 228515.772063 229388.580866   5000 229399.069482 1 235047.119376 234415.914467 235047.119376   6000 235065.847146 0
16   4.50 0 248389.670950 247632.762402 248389.670950   6000 248399.425572 1 255318.972639 254416.128121 255318.972639   3500 255332.850206 0
17   2.00 1 270024.618976 262899.614364 270024.618976   2500 270033.049648 0 272920.003247 272549.833520 272920.003247   8000 272933.129817 0
18   4.00 0 287343.958291 286999.999038 287343.958291   7000 287350.007972 1 294681.208614 294366.795212 294681.208614   5500 294700.125337 1
19   5.00 0 307908.936545 307267.017175 307908.936545   4000 307917.002145 0 312935.549304 311933.731641 312935.549304   2500 312950.479102 0
20   2.00 1 319792.463017 319517.240373 319792.463017   2000 319800.560056 0 323389.095111 321817.255867 323389.095111   6500 323400.603236 0
21   2.50 0 334810.052262 334467.459945 334810.052262   4000 334817.510584 1 339588.130203 338834.177523 339588.130203   4500 339600.889134 1
22   2.00 0 349939.045723 348167.785463 349939.045723   4000 349951.016445 0 354881.977962 353967.878111 354881.977962   4000 354901.082995 0
23   2.00 1 363374.974697 362967.949970 363374.974697   3000 363384.564426 0 367232.033412 366401.315737 367232.033412   5000 367251.370385 0
24   3.00 0 377723.004604 377318.149461 377723.004604   2000 377734.804659 1 380474.949064 379751.521964 380474.949064   2500 380484.841952 1
25   2.00 0 387735.515556 387051.910552 387735.515556   3500 387751.640019 0 392327.001988 391268.395019 392327.001988   3000 392335.060530 1
--------
8 :Total Won