
trial ITIJitter choice1 rts1 stim1ons_ms choice1ons_ms jitter2 jitter2_ms state rts2 stim2ons_ms choice2ons_ms jitter3 jitter3_ms won

1   6.50 0 26099.702969 22759.304296 26099.702969   3000 26126.484791 0 30650.892839 29142.744633 30650.892839   3000 30659.458570 1
2   4.00 1 40283.750841 39226.270528 40283.750841   4500 40292.948230 1 45558.171802 44809.699059 45558.171802   2000 45576.366399 0
3   3.00 1 54720.167112 52643.613775 54720.167112   2500 54726.559089 0 58178.291082 57243.196033 58178.291082   2000 58193.244939 0
4   2.00 1 64697.749479 64259.998030 64697.749479   2500 64710.008921 0 67950.740876 67226.708422 67950.740876   2500 67960.039959 1
5   2.00 1 75001.713403 74026.798824 75001.713403   2500 75010.149529 0 77921.635165 77526.874694 77921.635165   4000 77926.852687 1
6   8.00 1 94370.632643 91493.767301 94370.632643   4500 94377.119899 1 100298.195906 98893.913394 100298.195906   3000 100310.608692 0
7   2.00 1 107949.662661 107377.404450 107949.662661   3500 107960.719417 0 112418.699989 111477.436883 112418.699989   4500 112427.476165 1
8   4.50 1 125772.649974 122994.269196 125772.649974   2500 125777.674052 0 129752.713422 128294.390876 129752.713422   6500 129761.045609 1
9   3.00 1 143224.565787 140827.917717 143224.565787   7500 143244.642529 0 151518.725043 150761.391754 151518.725043   8000 151528.097270 1
10   2.00 1 166393.247249 163094.966972 166393.247249   2000 166411.677957 0 171107.604961 168428.362861 171107.604961   2500 171128.386504 0
11   2.50 0 179439.191207 178195.247385 179439.191207   6000 179445.203034 0 186403.204297 185461.968138 186403.204297   3000 186411.975982 1
12   4.00 1 195778.806161 194978.779599 195778.806161   3000 195795.461873 0 199543.838054 198812.181424 199543.838054   4500 199562.186316 1
13   7.00 1 213039.619991 212629.068048 213039.619991   2500 213045.721321 0 218019.806627 215562.560691 218019.806627   3000 218029.180778 1
14   7.00 1 229976.639209 229596.020966 229976.639209   4000 229996.055741 0 234559.648131 234012.860625 234559.648131   6000 234579.445455 0
15   2.00 0 245538.350097 244646.276501 245538.350097   6000 245546.266203 1 252192.604298 251563.051198 252192.604298   2000 252213.057662 1
16   3.00 0 260257.200317 259313.307919 260257.200317   4500 260263.192254 1 265298.678392 264779.935705 265298.678392   3000 265313.300862 1
17   4.00 0 275183.643981 274380.072559 275183.643981   3500 275196.772477 1 279135.028386 278713.584258 279135.028386   3500 279146.858275 0
18   6.00 1 291482.051617 290714.150234 291482.051617   4500 291497.026969 0 296482.638685 296013.832334 296482.638685   4000 296497.104282 0
19   3.00 0 305978.703248 305563.947839 305978.703248   3000 305997.273184 1 309404.543324 309013.972204 309404.543324   2000 309413.963991 1
20   3.00 0 316888.569798 316480.766165 316888.569798   3500 316897.755317 1 321091.160658 320414.213896 321091.160658   5000 321097.500985 1
21   3.00 0 331641.494628 331164.339089 331641.494628   2000 331647.695728 1 334370.508173 333664.390257 334370.508173   3500 334381.049400 0
22   4.50 0 344852.545675 344447.874671 344852.545675   2500 344864.635734 0 348286.465145 347381.289360 348286.465145   5000 348297.934774 0
23   3.50 0 361462.406996 358864.781057 361462.406996   2000 361481.538335 0 364448.328927 363498.230938 364448.328927   2500 364464.896739 1
24   6.50 0 375453.089947 375031.745268 375453.089947   4500 375465.037250 1 381907.608104 379981.813743 381907.608104   5000 381915.158818 1
25   2.00 0 391413.479580 390982.009753 391413.479580   3500 391431.990489 0 396896.533383 394948.704746 396896.533383   2500 396915.453635 0
--------
15 :Total Won