
trial ITIJitter choice1 rts1 stim1ons_ms choice1ons_ms jitter2 jitter2_ms state rts2 stim2ons_ms choice2ons_ms jitter3 jitter3_ms won

1   2.00 1 16818.446363 16386.123844 16818.446363   4500 16836.448801 0 21651.358644 21352.873053 21651.358644   2000 21669.513462 0
2   7.50 0 33574.413999 33236.398242 33574.413999   7000 33586.385041 1 41027.278744 40603.162015 41027.278744   4500 41036.498910 1
3   4.00 0 51954.446458 51603.353534 51954.446458   5000 51970.015292 1 57291.280702 56986.755696 57291.280702   6000 57303.430110 0
4   6.50 1 72215.709089 71870.354027 72215.709089   2500 72220.366811 0 75096.276164 74737.091014 75096.276164   2500 75103.709464 0
5   2.00 1 81972.311271 81670.500890 81972.311271   2500 81987.165359 0 84809.802678 84503.914905 84809.802678   2000 84820.569750 0
6   5.00 0 94201.489547 93887.375773 94201.489547   4000 94220.690179 0 99076.286359 98237.436998 99076.286359   3000 99087.468229 0
7   3.50 0 107923.415616 107654.280186 107923.415616   7000 107937.597624 1 115283.388014 114954.383902 115283.388014   6500 115287.743541 0
8   2.00 1 126717.317109 125854.583087 126717.317109   4000 126737.902642 0 131056.373868 130754.692449 131056.373868   8000 131071.354352 0
9   6.50 1 147964.410884 147638.247151 147964.410884   3000 147971.565728 0 151339.456478 150988.297469 151339.456478   6000 151355.013764 0
10   2.50 0 162234.411516 161921.869992 162234.411516   7500 162238.497249 1 170075.917437 169755.244228 170075.917437   8000 170088.605471 1
11   2.00 0 182633.409781 182155.528266 182633.409781   2000 182638.829728 0 185559.359089 184655.602531 185559.359089   4000 185572.194692 0
12   5.50 0 197654.296547 197139.068886 197654.296547   3000 197672.379506 1 201061.387680 200689.108360 201061.387680   6000 201072.494161 0
13   4.50 1 213978.305454 213639.436043 213978.305454   4000 213989.360286 0 218316.869462 218006.061230 218316.869462   3000 218322.742381 0
14   7.50 0 231421.871436 230889.621386 231421.871436   8000 231439.627177 0 240138.328796 239456.453876 240138.328796   7500 240156.411433 0
15   6.00 0 256060.280592 255723.420043 256060.280592   4000 256073.382140 1 260698.822240 260090.093671 260698.822240   2000 260706.765615 0
16   2.50 1 267770.844180 267273.543568 267770.844180   5000 267790.270336 0 273156.413038 272806.980584 273156.413038   7500 273173.636568 0
17   2.50 0 285641.835320 285240.527604 285641.835320   4000 285657.180235 1 290027.398082 289673.915826 290027.398082   3000 290040.608381 1
18   6.50 0 301631.452889 301607.678585 301631.452889   2500 301640.780524 1 304379.242324 304157.581719 304379.242324   3000 304390.818779 0
19   8.00 0 321566.809391 317457.717835 321566.809391   4000 321574.469819 1 329724.169436 325591.222091 329724.169436   4000 329741.233207 0
20   2.50 1 338791.393464 338308.099060 338791.393464   3500 338808.092804 0 342643.827179 342324.764395 342643.827179   6000 342658.085859 1
21   2.50 1 353061.283098 352724.951551 353061.283098   7000 353074.961768 0 360348.338198 360091.741630 360348.338198   5500 360358.388920 1
22   3.00 1 370709.245092 370425.227986 370709.245092   3000 370725.230328 0 374272.187859 373741.966560 374272.187859   6500 374291.970105 1
23   7.00 1 389786.778729 389358.903486 389786.778729   3000 389792.207980 0 393210.290746 392808.919190 393210.290746   5000 393225.618979 0
24   2.00 0 402553.331543 402292.512581 402553.331543   2000 402559.070688 1 404996.156794 404575.853116 404996.156794   4000 405009.152156 1
25   2.00 0 413447.760145 413075.994109 413447.760145   3000 413459.301313 1 416826.364715 416475.976272 416826.364715   5000 416842.638031 0
--------
7 :Total Won