
trial ITIJitter choice1 rts1 stim1ons_ms choice1ons_ms jitter2 jitter2_ms state rts2 stim2ons_ms choice2ons_ms jitter3 jitter3_ms won

1   2.50 0 17092.284106 16737.867354 17092.284106   3000 17104.762977 1 20422.260569 20121.256362 20422.260569   4500 20437.916662 1
2   5.50 0 32875.278336 32504.759577 32875.278336   4500 32888.125487 1 37808.223370 37404.872146 37808.223370   2000 37821.514512 0
3   2.50 1 44872.829976 44388.314279 44872.829976   2500 44888.414850 0 47705.282548 47405.096066 47705.282548   3000 47721.674239 1
4   2.50 1 55203.155150 54788.463901 55203.155150   4000 55221.767432 0 59469.254190 59238.524837 59469.254190   4500 59488.529890 1
5   2.00 1 68031.338170 67555.347783 68031.338170   3500 68055.404404 1 72264.116484 71572.078562 72264.116484   4000 72272.140701 0
6   3.50 0 82458.364892 81838.910955 82458.364892   2000 82472.268444 1 84968.298040 84488.965860 84968.298040   2500 84988.930090 0
7   3.00 1 92920.398795 92555.767713 92920.398795   2500 92939.063368 1 96101.158127 95455.950537 96101.158127   2500 96105.831889 0
8   4.00 0 105192.820839 104672.697742 105192.820839   7000 105205.960242 1 112809.862347 112222.733046 112809.862347   6000 112822.765318 1
9   4.50 0 126801.808617 125389.614168 126801.808617   7000 126806.293747 1 134237.331775 133823.086762 134237.331775   2500 134256.396067 0
10   3.00 1 142143.258878 141823.224386 142143.258878   3500 142156.554190 0 146046.241020 145673.291225 146046.241020   2000 146056.609657 1
11   6.00 1 155948.331654 155623.462357 155948.331654   6500 155956.791520 0 162868.860695 162473.671952 162868.860695   4000 162890.229627 1
12   3.00 1 171942.812900 171457.168622 171942.812900   2500 171957.071900 0 175043.138866 174473.777817 175043.138866   3000 175057.102088 1
13   2.50 1 182954.192062 182123.904582 182954.192062   7500 182973.898278 1 191037.813235 190490.804375 191037.813235   3000 191057.385998 1
14   2.00 1 198608.762254 198124.149995 198608.762254   4500 198624.149835 0 203944.821761 203140.933707 203944.821761   3000 203957.563689 1
15   5.50 1 214528.216287 214024.477502 214528.216287   6000 214541.110276 0 221588.294454 220557.858057 221588.294454   3500 221607.878444 1
16   2.00 1 229091.308547 228708.006155 229091.308547   2000 229108.004680 0 231641.301185 231124.738667 231641.301185   4500 231658.033247 0
17   6.50 0 245322.216587 244724.949947 245322.216587   2000 245341.582432 1 248147.220460 247358.408168 248147.220460   3500 248158.312184 1
18   2.00 0 256399.660078 255725.213325 256399.660078   2000 256408.441708 1 258887.252586 258425.138161 258887.252586   2000 258891.829145 1
19   2.00 0 265517.082217 264958.579027 265517.082217   3000 265525.250153 1 269051.088657 268541.979649 269051.088657   4000 269058.646107 1
20   6.50 1 282187.180822 281625.664982 282187.180822   2500 282192.184369 0 285068.171997 284709.116130 285068.171997   2000 285075.588615 0
21   6.50 0 296026.084078 295642.429766 296026.084078   3500 296042.396210 1 299971.194560 299559.148322 299971.194560   2000 299975.832393 1
22   4.00 0 309231.695929 308042.745884 309231.695929   2500 309242.672164 0 312495.285336 311759.404386 312495.285336   7000 312509.361158 0
23   2.50 1 324820.150783 324076.244013 324820.150783   5500 324826.234470 0 333275.687807 330342.997489 333275.687807   2500 333293.069814 0
24   3.00 0 341182.228604 340859.857391 341182.228604   2500 341193.161210 1 344087.047978 343709.909794 344087.047978   5000 344093.221489 1
25   5.00 0 356491.054922 356160.081086 356491.054922   6000 356510.105098 1 362924.682783 362526.848388 362924.682783   6500 362943.535987 1
--------
16 :Total Won