
trial ITIJitter choice1 rts1 stim1ons_ms choice1ons_ms jitter2 jitter2_ms state rts2 stim2ons_ms choice2ons_ms jitter3 jitter3_ms won

1   5.00 1 21444.103646 19441.886584 21444.103646   4000 21458.795729 0 26111.206924 25491.969848 26111.206924   3500 26125.335679 0
2   2.00 0 34135.144837 33692.090855 34135.144837   7000 34142.045606 0 41886.074922 41158.937748 41886.074922   7500 41892.255490 0
3   3.50 1 55525.137873 54959.160641 55525.137873   5500 55542.516992 1 61426.379985 61059.229004 61426.379985   3000 61442.579516 0
4   3.50 1 70726.118307 70009.340146 70726.118307   3000 70742.728144 1 74227.783750 73759.425559 74227.783750   3000 74242.787332 0
5   6.00 0 85528.743044 85309.675159 85528.743044   2000 85542.981192 0 87939.301082 87559.665776 87939.301082   4000 87959.631257 1
6   2.00 0 95953.784644 95526.507696 95953.784644   3500 95959.804170 0 99838.123386 99476.525164 99838.123386   5000 99843.201679 1
7   3.50 0 110383.111836 109910.068655 110383.111836   3000 110393.358888 0 113865.428436 113410.104745 113865.428436   4500 113876.749854 1
8   6.00 0 126426.157028 125943.620358 126426.157028   8000 126443.625010 0 134850.754317 134460.419628 134850.754317   2000 134860.377090 1
9   2.50 0 141673.748688 140927.182150 141673.748688   6500 141693.868097 0 148689.401252 148210.654856 148689.401252   4000 148693.973320 1
10   3.50 0 158161.780694 157760.834200 158161.780694   3000 158177.465659 0 161688.118045 161194.166603 161688.118045   3500 161694.159385 1
11   7.00 0 175102.096793 173761.039192 175102.096793   6000 175111.089510 0 181667.740390 181127.925191 181667.740390   3000 181677.862972 1
12   4.00 0 190703.216584 190244.678138 190703.216584   5000 190711.355006 0 196158.980415 195728.114657 196158.980415   2500 196178.083844 0
13   2.00 0 203485.942944 202744.871742 203485.942944   3000 203494.850970 0 206779.014041 206511.609338 206779.014041   2500 206794.931266 1
14   2.50 0 213963.080198 213361.716277 213963.080198   8000 213978.361273 1 222756.029872 221995.174819 222756.029872   2500 222761.852746 0
15   4.50 0 232641.266538 231828.677696 232641.266538   5500 232645.359329 0 238652.116699 238162.134859 238652.116699   2500 238662.110960 0
16   3.00 0 247290.650647 246228.868381 247290.650647   2000 247295.590996 0 249678.167413 249312.297073 249678.167413   2000 249695.639565 0
17   4.00 1 258064.656971 257762.424415 258064.656971   2000 258079.098829 0 261074.103623 260095.805548 261074.103623   8000 261079.137325 1
18   2.50 0 273706.147750 273146.009434 273706.147750   3000 273712.677351 0 277024.920529 276729.397544 277024.920529   2000 277029.320647 0
19   2.00 1 283399.652700 283096.165488 283399.652700   4500 283412.853375 1 288237.109139 287929.606450 288237.109139   2000 288246.250388 0
20   2.00 1 294700.670380 294313.018235 294700.670380   4000 294713.027025 1 299137.024094 298729.749784 299137.024094   6500 299146.433533 0
21   8.00 0 315966.641099 315713.355847 315966.641099   4500 315980.069864 0 320772.648049 320496.768723 320772.648049   5500 320780.134602 0
22   4.00 1 332715.112558 332346.983131 332715.112558   6500 332730.297072 1 339533.252555 339247.222417 339533.252555   2500 339547.118895 1
23   2.50 1 347671.574293 346647.175067 347671.574293   2500 347680.581126 1 350510.285709 350197.257208 350510.285709   7000 350530.625509 1
24   5.50 1 365423.597992 365097.545577 365423.597992   7000 365430.834640 0 373292.580912 372447.623163 373292.580912   7500 373297.633220 0
25   2.50 1 386625.866446 385364.489930 386625.866446   5500 386631.207476 0 393522.960911 392147.944189 393522.960911   3000 393531.302080 0
--------
11 :Total Won