
trial ITIJitter choice1 rts1 stim1ons_ms choice1ons_ms jitter2 jitter2_ms state rts2 stim2ons_ms choice2ons_ms jitter3 jitter3_ms won

1   7.00 0 24922.972588 24057.907942 24922.972588   6500 24941.621121 1 32289.041505 31458.029013 32289.041505   4500 32308.040995 0
2   2.50 1 42673.422433 41374.870757 42673.422433   2000 42691.550945 1 45026.932599 44708.266326 45026.932599   2500 45041.609925 0
3   4.00 0 54013.366851 53608.401351 54013.366851   3500 54025.167547 0 57853.720772 57541.788772 57853.720772   6500 57858.461582 1
4   2.50 0 68812.780361 68425.301449 68812.780361   4500 68825.293558 1 74279.408467 73342.030592 74279.408467   3000 74292.051909 0
5   7.00 1 88792.928821 86358.919206 88792.928821   3000 88808.962498 1 93157.742440 91825.681407 93157.742440   2000 93175.679113 0
6   2.50 1 101055.692484 99742.527001 101055.692484   2500 101075.811893 1 104037.785967 103592.551173 104037.785967   6000 104042.523889 0
7   3.50 1 118548.659706 115609.456789 118548.659706   2000 118559.434157 1 120918.596210 120576.158520 120918.596210   7500 120926.173549 1
8   2.50 1 133952.814860 132993.044053 133952.814860   4000 133959.640561 0 138988.716757 137976.434217 138988.716757   3500 139009.803384 1
9   3.50 0 148480.358746 147576.608284 148480.358746   4500 148493.273587 0 153882.362282 153010.022171 153882.362282   2500 153893.366748 1
10   2.00 0 160384.734772 159960.158014 160384.734772   5000 160393.459299 0 165780.608426 165410.221196 165780.608426   6500 165793.577162 1
11   5.00 0 181579.700172 178860.484558 181579.700172   2000 181593.777278 0 184625.802285 183610.510944 184625.802285   8000 184643.887490 1
12   7.50 1 205165.289304 201710.876369 205165.289304   3000 205177.526932 1 208674.893951 208194.257069 208674.893951   8000 208694.279686 0
13   4.00 1 224261.691222 222761.112656 224261.691222   7000 224277.836538 1 232284.943582 231294.617683 232284.943582   3000 232294.645592 1
14   2.50 1 241265.821225 239861.474553 241265.821225   4500 241278.145470 0 246398.633512 245794.869993 246398.633512   2500 246411.703942 0
15   4.50 1 256076.611973 255478.303689 256076.611973   2500 256095.046210 1 259030.582040 258611.777791 259030.582040   2500 259045.036089 1
16   2.00 1 267291.310857 265611.855104 267291.310857   6500 267311.875860 1 274413.941214 273828.661656 274413.941214   6000 274428.656395 1
17   2.00 0 287069.274593 284495.471721 287069.274593   3500 287078.862398 0 291034.653016 290595.626059 291034.653016   3000 291045.646574 0
18   2.00 0 299888.683682 298112.361169 299888.683682   2000 299895.743248 1 302594.579924 301912.416283 302594.579924   2000 302612.462382 1
19   3.00 0 310112.732978 309712.549672 310112.732978   5000 310129.186905 0 316032.596355 315145.958105 316032.596355   7000 316046.010043 1
20   2.00 0 327289.703640 326612.847344 327289.703640   4500 327296.193461 0 332301.813268 331812.927930 332301.813268   4500 332312.932902 0
21   4.00 1 343898.220480 342879.800359 343898.220480   4000 343913.121084 0 348331.883630 347929.853146 348331.883630   5000 348346.525347 0
22   3.00 0 360846.287793 358413.375961 360846.287793   5500 360863.395835 0 367058.825756 366380.180669 367058.825756   3000 367063.493744 1
23   2.50 1 377621.236312 374130.288539 377621.236312   2000 377630.332970 1 380632.228267 379647.051558 380632.228267   2500 380647.057333 1
24   4.00 0 390082.739930 389213.866082 390082.739930   5500 390097.208094 1 396561.847549 395613.974962 396561.847549   2500 396580.681505 1
25   3.00 0 404788.230357 404147.447909 404788.230357   4500 404797.429030 0 409728.636281 409314.265513 409728.636281   4500 409747.524132 0
--------
14 :Total Won