
trial ITIJitter choice1 rts1 stim1ons_ms choice1ons_ms jitter2 jitter2_ms state rts2 stim2ons_ms choice2ons_ms jitter3 jitter3_ms won

1   6.50 1 23580.925635 21997.994026 23580.925635   3500 24031.641007 1 28020.353915 27598.093667 28020.353915   5500 28348.245808 0
2   2.00 1 39028.499074 37914.982698 39028.499074   5500 39598.286469 1 45916.160361 45115.072587 45916.160361   2500 46998.385084 0
3   2.50 1 55019.858918 54065.199126 55019.858918   5000 56498.853294 1 62148.388179 61515.332885 62148.388179   3500 62482.048089 0
4   6.50 0 83284.281768 74548.905440 83284.281768   3000 83632.377119 0 87307.842098 86649.036360 87307.842098   2000 87849.102509 1
5   2.50 0 94676.330502 93915.855920 94676.330502   5000 95165.815419 0 100700.184044 100182.635702 100700.184044   2000 100832.613615 1
--------
2 :Total Won
trial ITIJitter choice1 rts1 stim1ons_ms choice1ons_ms jitter2 jitter2_ms state rts2 stim2ons_ms choice2ons_ms jitter3 jitter3_ms won

1   6.50 0 42673.195947 41616.442571 42673.195947   2500 42700.171212 0 45915.098828 45216.474522 45915.098828   3000 45933.106719 0
2   4.00 1 55800.712437 55000.008341 55800.712437   4000 55817.099550 1 60553.631814 59833.386105 60553.631814   8000 60566.734645 0
3   2.00 1 73292.136601 72633.606111 73292.136601   3500 73300.279515 1 77526.071085 76817.021682 77526.071085   3500 77533.661899 0
4   2.00 1 85833.028090 85100.475781 85833.028090   6000 85850.502488 1 92455.053255 91867.281708 92455.053255   5500 92467.262973 0
5   4.50 1 105201.697106 104534.130911 105201.697106   5000 105217.472216 1 110838.138143 110234.214544 110838.138143   2000 110850.873335 0
6   7.50 1 123814.669242 122417.709032 123814.669242   3500 123834.455338 1 127934.593636 127351.227019 127934.593636   4000 127951.201868 0
7   4.50 1 139710.133393 138518.009656 139710.133393   8000 139718.027685 1 148463.668389 147734.867857 148463.668389   3500 148484.838423 1
8   2.50 1 157521.159930 156551.677168 157521.159930   3500 157534.959221 1 161627.661011 161051.712617 161627.661011   7500 161635.069930 1
9   3.50 1 176355.121233 174701.951662 176355.121233   4500 176368.618650 0 181573.296326 180885.374612 181573.296326   2000 181585.390876 1
10   4.00 1 190228.928050 189152.175245 190228.928050   2000 190235.487486 1 192864.182441 192252.234305 192864.182441   3000 192868.874810 0
11   2.00 1 200810.992532 199935.820382 200810.992532   3000 200819.044659 1 204397.020521 203835.761964 204397.020521   2500 204402.432769 0
12   2.50 0 212622.968001 211469.220827 212622.968001   3500 212635.846912 0 217001.629353 216152.632388 217001.629353   3500 217019.308101 1
13   7.00 0 229356.076260 229086.170906 229356.076260   3500 229369.512083 1 233430.889176 232886.251042 233430.889176   3500 233436.244642 1
14   2.50 0 242647.049954 241503.074405 242647.049954   4000 242653.056969 0 247137.544435 246669.785502 247137.544435   5000 247153.133481 1
15   3.00 0 257597.931662 256720.033659 257597.931662   2500 257603.289695 0 260635.931604 260120.072283 260635.931604   3500 260653.351786 1
16   6.00 0 272147.569172 271720.212345 272147.569172   4000 272153.578433 0 276684.893345 276170.277452 276684.893345   3000 276703.626248 1
17   3.00 0 284537.961927 284270.410296 284537.961927   2000 284553.762380 0 287061.083560 286570.445039 287061.083560   3000 287070.518342 1
18   4.50 0 296941.538033 296137.283944 296941.538033   8000 296953.970068 0 305430.873778 304970.749288 305430.873778   4500 305437.385414 1
19   7.00 0 318847.960133 318537.607441 318847.960133   5500 318854.311689 1 324867.963733 324371.069255 324867.963733   4500 324887.745658 1
20   2.50 0 334979.986135 333954.601406 334979.986135   5500 334987.909620 0 341147.925262 340504.687397 341147.925262   2000 341154.629379 0
21   3.50 1 349394.911570 348721.477267 349394.911570   4000 349404.812156 1 353798.985881 353421.551597 353798.985881   6000 353804.919432 0
22   2.00 0 364608.568489 363871.735400 364608.568489   4500 364621.719440 0 369618.068715 369138.468665 369618.068715   4500 369638.468505 0
23   3.00 0 380152.056870 379205.294257 380152.056870   2000 380172.013632 1 382875.856100 382188.676080 382875.856100   6000 382888.722179 1
24   6.50 0 398251.528862 397455.578087 398251.528862   2000 398255.581872 0 400823.126862 400272.305273 400823.126862   2000 400839.015857 0
25   8.00 1 413221.515282 412905.879945 413221.515282   2000 413239.209750 1 416075.096505 415255.844288 416075.096505   7500 416089.264077 1
--------
13 :Total Won