
trial ITIJitter choice1 rts1 stim1ons_ms choice1ons_ms jitter2 jitter2_ms state rts2 stim2ons_ms choice2ons_ms jitter3 jitter3_ms won

1   3.50 1 18440.696089 17434.716663 18440.696089   2000 18468.414973 1 20778.726603 20484.776509 20778.726603   5500 20784.768585 1
2   2.00 1 30841.678191 30351.576051 30841.678191   8000 30851.605726 1 39278.162473 38868.379171 39278.162473   5000 39285.135422 1
3   3.50 1 50301.345218 49851.893485 50301.345218   2500 50318.571316 1 53449.155954 52835.302255 53449.155954   3000 53468.615795 1
4   2.50 1 61594.964245 61035.403692 61594.964245   5000 61602.069365 1 66927.706341 66618.834790 66927.706341   2500 66935.535189 1
5   6.00 1 79083.000742 77502.347467 79083.000742   6000 79102.358567 1 85629.115206 85119.173076 85629.115206   2000 85635.836326 1
6   5.50 1 95787.713546 95202.647963 95787.713546   7000 95802.646551 1 103555.912715 102819.435074 103555.912715   5500 103569.436438 1
7   5.00 1 117272.301102 116136.307744 117272.301102   4500 117286.335541 0 122342.145439 121803.082200 122342.145439   3000 122353.095369 0
8   2.50 1 130738.913489 129919.874605 130738.913489   5000 130753.143617 1 136182.213206 135769.979940 136182.213206   3000 136186.635780 1
9   2.00 1 144241.958701 143253.419988 144241.958701   2500 144253.434745 1 147100.654468 146770.146436 147100.654468   2000 147120.092173 1
10   7.50 1 160253.666685 158687.040151 160253.666685   5500 160270.349664 1 166269.191890 165787.117817 166269.191890   3500 166287.127601 1
11   2.00 1 174815.185091 173853.961694 174815.185091   5500 174820.603755 1 180741.937047 180337.378965 180741.937047   6000 180754.027747 1
12   5.00 1 194841.236127 193854.214165 194841.236127   7500 194854.283779 0 202983.991025 202371.045516 202983.991025   6500 203004.419366 0
13   2.00 1 214693.161371 213571.258271 214693.161371   2500 214704.629395 0 217872.154047 217221.313177 217872.154047   2000 217887.994921 0
14   4.50 1 227658.579573 226454.806237 227658.579573   4500 227671.463938 1 232702.963471 232188.204180 232702.963471   4000 232721.535332 0
15   3.50 0 242668.238916 242288.370708 242668.238916   3500 242688.365062 0 246715.042944 246205.090869 246715.042944   2500 246721.774971 1
16   2.50 0 253840.991355 253288.575701 253840.991355   6000 253855.233032 0 260287.223200 259871.953545 260287.223200   5000 260305.306480 1
17   2.00 0 271547.239516 268872.136402 271547.239516   2000 271555.532244 0 274058.186719 273572.214261 274058.186719   5000 274072.222441 0
18   2.50 0 284285.997737 283639.029266 284285.997737   3000 284305.697858 0 287682.627842 287322.418371 287682.627842   6500 287689.091679 0
19   7.00 0 304120.003311 303256.029070 304120.003311   7500 304139.342530 0 312956.949033 311656.214942 312956.949033   6000 312972.875883 1
20   2.50 0 326430.949166 323039.668111 326430.949166   3000 326439.727909 0 330028.823405 329456.522848 330028.823405   2000 330039.744783 0
21   6.50 1 341125.574997 340606.632129 341125.574997   2000 341139.981888 1 343677.948626 343156.663584 343677.948626   4000 343689.929613 1
22   6.00 1 356288.177265 355756.866202 356288.177265   7000 356306.916905 1 363958.968160 363323.667253 363958.968160   2000 363973.666980 0
23   2.50 0 370897.939778 370540.479900 370897.939778   2000 370907.113428 0 373234.073070 372923.815977 373234.073070   4000 373240.521829 1
24   3.50 0 382689.780440 382307.309246 382689.780440   3000 382707.301996 0 386003.576299 385724.018980 386003.576299   2000 386024.057252 0
25   4.50 0 397047.898283 394590.889741 397047.898283   2000 397057.537737 1 399865.499012 399074.210771 399865.499012   2500 399874.253374 1
--------
16 :Total Won