
trial ITIJitter choice1 rts1 stim1ons_ms choice1ons_ms jitter2 jitter2_ms state rts2 stim2ons_ms choice2ons_ms jitter3 jitter3_ms won

1   6.00 0 31187.661704 30053.343573 31187.661704   2000 31203.804950 0 33889.468685 33220.064937 33889.468685   2500 33903.423244 0
2   7.50 1 47079.173255 45970.268405 47079.173255   8000 47086.938264 1 55485.744689 55103.750526 55485.744689   3000 55503.758675 1
3   2.00 1 63939.508641 62570.545129 63939.508641   2000 63953.867411 1 68141.483561 65970.582150 68141.483561   2500 68153.899234 1
4   2.50 1 76221.655152 75220.743112 76221.655152   2000 76237.428337 0 78982.793793 78254.110996 78982.793793   3500 78987.470763 1
5   3.00 0 87968.654451 87054.269087 87968.654451   4000 88004.351356 0 92553.541027 92021.050055 92553.541027   4500 92571.002913 1
6   3.50 0 102737.555214 102137.853688 102737.555214   7500 102754.517291 1 111118.174098 110271.311428 111118.174098   2000 111138.009919 0
7   5.00 1 120749.395369 120204.800543 120749.395369   2500 120754.833922 1 124012.699904 123271.525403 124012.699904   2000 124021.542807 1
8   2.00 1 131824.497007 130088.275687 131824.497007   2500 131838.325491 1 134956.639139 134355.024351 134956.639139   4000 134971.688595 1
9   3.00 1 144337.579787 144038.522207 144337.579787   2500 144355.192451 1 147364.561148 146871.909275 147364.561148   5000 147371.928041 1
10   7.00 1 162046.621491 161438.771919 162046.621491   2500 162055.505457 0 166583.627749 164572.207845 166583.627749   2500 166588.882804 0
11   2.50 0 174540.493374 173655.703263 174540.493374   3500 174555.708364 0 178621.628332 178072.411394 178621.628332   4500 178639.134169 0
12   3.50 0 189702.630158 188705.952061 189702.630158   2500 189722.613868 0 193252.123949 192239.340637 193252.123949   2000 193272.652701 0
13   6.50 1 204388.725547 203839.509250 204388.725547   8000 204406.203474 1 213652.143325 212422.969541 213652.143325   5000 213673.015335 1
14   4.00 1 225218.543053 224739.884235 225218.543053   2500 225223.197888 1 228218.131143 227739.854722 228218.131143   3500 228223.227401 0
15   4.50 0 238831.412532 238290.029254 238831.412532   3000 238840.076428 1 243344.472536 241856.829342 243344.472536   3500 243356.814104 0
16   4.00 1 254582.109394 252923.635686 254582.109394   4500 254590.351435 1 259854.360130 259107.067618 259854.360130   2000 259873.753564 1
17   2.00 1 267093.575975 265940.522375 267093.575975   3000 267107.229302 1 270724.507240 270123.909073 270724.507240   6000 270740.615664 0
18   3.50 0 282820.073470 282307.454248 282820.073470   3500 282840.788608 1 287578.354088 286357.515697 287578.354088   2000 287590.872417 1
19   7.50 0 299646.469303 299207.743900 299646.469303   2000 299657.721428 0 302701.463723 301674.465039 302701.463723   4500 302707.788652 1
20   4.00 0 313936.093384 312774.630284 313936.093384   8000 313941.295507 0 322599.442639 321958.087238 322599.442639   2500 322608.093703 1
21   2.00 0 330140.461807 328674.916086 330140.461807   3500 330158.252836 0 334092.518612 333674.952658 334092.518612   5000 334108.323557 1
22   4.00 0 345115.433809 344675.136798 345115.433809   2000 345125.129083 0 347609.548539 347141.827461 347609.548539   3000 347625.124110 1
23   2.00 0 355838.437451 354191.983867 355838.437451   3500 355858.603376 0 359691.382204 359375.368962 359691.382204   2000 359708.702296 1
24   4.00 0 367545.357372 367275.524840 367545.357372   4000 367558.828804 0 372520.977714 371575.587813 372520.977714   2000 372542.273824 0
25   7.00 1 385555.042700 383609.090755 385555.042700   2500 385575.813337 1 388702.523973 388092.503534 388702.523973   2000 388709.173233 0
--------
15 :Total Won