
trial ITIJitter choice1 rts1 stim1ons_ms choice1ons_ms jitter2 jitter2_ms state rts2 stim2ons_ms choice2ons_ms jitter3 jitter3_ms won

1   6.50 1 49807.775210 48390.954479 49807.775210   3500 49824.326982 1 53651.864869 53341.042843 53651.864869   4000 53674.401841 1
2   2.50 1 62660.363552 62241.207062 62660.363552   5500 62674.469851 1 68537.442548 68191.283236 68537.442548   6000 68557.940183 1
3   2.50 1 79897.325443 79124.755669 79897.325443   3000 79908.138711 1 83271.324581 82924.843184 83271.324581   3000 83291.540551 1
4   3.50 0 92580.242327 91858.334224 92580.242327   2000 92591.642983 1 95220.789307 94608.387236 95220.789307   3000 95241.720024 1
5   7.50 0 108149.413141 107808.594218 108149.413141   5000 108158.616625 0 113945.383806 113175.468347 113945.383806   2000 113958.711519 0
6   4.50 1 123082.834246 122525.503907 123082.834246   8000 123092.190111 1 131729.205383 131108.954253 131729.205383   3500 131742.337728 1
7   7.50 1 145404.275134 144809.178077 145404.275134   2000 145409.219653 1 147915.225224 147425.925409 147915.225224   4000 147925.916266 0
8   7.50 0 162065.811217 161492.811632 162065.811217   8000 162076.173437 1 170949.836856 170092.920577 170949.836856   4500 170959.610726 1
9   3.50 0 181475.223029 181026.441130 181475.223029   5000 181493.125377 0 187545.822534 186509.844607 187545.822534   2000 187559.892904 0
10   4.00 1 196186.353795 195626.666526 196186.353795   4500 196193.354654 1 201874.076291 200710.100029 201874.076291   4000 201893.403320 1
11   2.00 1 211542.142937 209960.254575 211542.142937   4000 211560.282678 1 216078.770649 215577.039121 216078.770649   8000 216093.683123 0
12   2.50 0 230792.400140 228660.633025 230792.400140   2000 230810.598267 1 233899.350023 232827.324875 233899.350023   2000 233910.644173 1
13   5.00 0 245014.346259 242977.469765 245014.346259   2500 245027.494002 0 248181.303411 247544.238094 248181.303411   4000 248194.263165 1
14   3.00 0 257544.335618 256761.021549 257544.335618   5000 257561.036883 0 263056.105357 262577.755471 263056.105357   4000 263061.155740 0
15   2.00 1 274722.679311 271127.932891 274722.679311   2500 274727.999169 1 277780.096106 277244.745186 277780.096106   3500 277794.690986 0
16   4.50 0 288801.075905 287861.562773 288801.075905   2000 288811.572863 1 291354.276241 290828.207080 291354.276241   2500 291361.610092 1
17   2.00 0 299230.770736 297978.358387 299230.770736   3500 299245.074007 1 303083.770987 302762.123503 303083.770987   2000 303095.120315 1
18   6.00 0 313729.670225 313161.952002 313729.670225   4500 313745.281085 0 318857.135066 318262.023252 318857.135066   3000 318862.002913 1
19   4.00 0 327913.167280 327428.842139 327913.167280   4500 327928.808616 0 333420.189472 332445.584467 333420.189472   2000 333428.951854 1
20   5.50 0 343368.210911 342495.753706 343368.210911   4500 343379.105983 0 348708.981714 347895.834035 348708.981714   5000 348729.168170 1
21   2.00 0 358484.098975 357296.011567 358484.098975   4000 358496.015160 0 363169.112620 362512.755242 363169.112620   2000 363179.432816 1
22   2.00 0 370899.195076 368746.166819 370899.195076   5500 370912.879841 0 376839.082905 376429.671733 376839.082905   2500 376846.266620 1
23   8.00 0 389622.370026 388913.129746 389622.370026   3000 389629.906945 0 393081.343801 392646.569393 393081.343801   3000 393096.564886 1
24   4.50 0 402761.184195 402163.397535 402761.184195   2000 402780.134281 1 405449.083132 404796.758554 405449.083132   5500 405463.390895 0
25   2.00 1 415537.085496 415030.260276 415537.085496   6500 415546.952398 1 422966.152518 422063.745573 422966.152518   5500 422980.398365 0
--------
17 :Total Won