
trial ITIJitter choice1 rts1 stim1ons_ms choice1ons_ms jitter2 jitter2_ms state rts2 stim2ons_ms choice2ons_ms jitter3 jitter3_ms won

1   3.50 0 22087.327076 21411.428694 22087.327076   5000 22111.725661 0 27778.260798 27128.159056 27778.260798   4500 27794.848179 0
2   4.00 0 40328.831842 38361.674573 40328.831842   2000 40345.065057 0 42734.854383 42361.744828 42734.854383   3000 42745.089887 0
3   2.00 1 50372.423039 49811.871850 50372.423039   3000 50378.563186 1 53624.442727 53395.240712 53624.442727   3500 53645.300943 1
4   6.50 1 66916.493995 65712.139046 66916.493995   2000 66928.811182 1 69241.864064 68945.536828 69241.864064   2500 69262.191673 1
5   7.00 1 81110.372197 80829.056243 81110.372197   4000 81129.140389 1 85553.260646 85145.772682 85553.260646   7000 85562.412481 1
6   3.50 1 98600.126588 98129.349873 98600.126588   2500 98612.671545 1 101532.316135 101129.380028 101532.316135   4500 101546.045171 1
7   2.00 1 111387.139824 110112.883114 111387.139824   4000 111396.214346 1 115948.246962 115412.950258 115948.246962   4000 115962.943216 0
8   5.50 1 127993.118479 127529.847244 127993.118479   2500 128013.147422 1 131034.308795 130529.882853 131034.308795   3500 131046.504078 1
9   6.00 1 143575.840284 142613.442752 143575.840284   2000 143596.739242 1 145949.825949 145613.410031 145949.825949   6000 145963.429551 0
10   2.00 0 156347.225978 156030.309680 156347.225978   3000 156363.611895 0 159664.193605 159380.404589 159664.193605   4500 159680.339562 0
11   2.00 0 168988.191605 168247.148633 168988.191605   3000 168997.144864 1 172631.785882 172013.865056 172631.785882   2500 172647.244360 0
12   5.00 1 182712.662274 182214.037070 182712.662274   4000 182730.729834 1 193198.226030 186747.442006 193198.226030   2500 193214.245912 0
13   2.00 0 200207.133414 199780.996917 200207.133414   5500 200214.324188 0 206089.033100 205731.122495 206089.033100   2000 206097.859642 1
14   7.00 0 216996.076914 216664.596532 216996.076914   2000 217014.608354 0 219701.740575 219031.301920 219701.740575   4000 219714.638413 1
15   3.50 0 229325.348254 228781.507634 229325.348254   4000 229331.464663 0 233776.209271 233348.209878 233776.209271   3500 233781.546451 1
16   4.50 0 243749.103118 243348.376694 243749.103118   2500 243765.020023 0 246579.819510 246281.749358 246579.819510   6000 246598.495311 0
17   5.50 0 260746.819330 260165.309835 260746.819330   5500 260765.314519 0 266705.042267 266282.076576 266705.042267   7000 266715.428869 1
18   5.00 0 280623.058788 280282.305949 280623.058788   4500 280632.297240 0 285650.105271 285149.049994 285650.105271   4500 285665.723188 1
19   2.00 0 294538.783821 293765.863732 294538.783821   2000 294549.193841 0 296993.253858 296565.909863 296993.253858   2500 296999.243870 1
20   5.00 0 306400.758825 306066.056951 306400.758825   5000 306416.121705 0 311859.974804 311432.803401 311859.974804   2500 311866.163072 1
21   2.50 0 319037.161686 318432.971822 319037.161686   2500 319049.592758 1 322279.319605 321566.317602 322279.319605   6000 322299.686031 0
22   2.00 1 332881.052769 332366.496866 332881.052769   2000 332899.828980 0 335257.219565 334916.517093 335257.219565   4500 335266.553937 1
23   5.00 1 347274.117803 346333.410968 347274.117803   4500 347283.407262 1 353370.071241 351800.152317 353370.071241   2500 353383.509951 0
24   7.00 0 365209.185905 364950.337307 365209.185905   2000 365217.046512 0 367640.695190 367233.733020 367640.695190   2000 367650.426073 0
25   6.50 1 379855.667719 378217.242522 379855.667719   4500 379867.268555 1 384700.936003 384383.998853 384700.936003   2500 384717.352397 1
--------
14 :Total Won