
trial ITIJitter choice1 rts1 stim1ons_ms choice1ons_ms jitter2 jitter2_ms state rts2 stim2ons_ms choice2ons_ms jitter3 jitter3_ms won

1   2.50 0 17227.184171 16327.760364 17227.184171   5000 17244.870940 1 23002.218666 22277.833009 23002.218666   3500 23011.203684 0
2   7.50 0 36836.784038 36078.114930 36836.784038   3000 36844.778420 0 40350.797465 39861.480327 40350.797465   4000 40361.481129 1
3   2.00 0 48583.691910 47928.278651 48583.691910   5000 48594.943714 0 53976.545856 53611.693741 53976.545856   4000 53995.039120 1
4   6.50 0 66479.174346 66061.895188 66479.174346   3000 66495.231441 0 70126.190937 69511.975373 70126.190937   2500 70145.316181 1
5   2.50 0 77077.621857 76712.147707 77077.621857   2000 77095.405829 0 79828.644333 79112.111906 79828.644333   2000 79845.497338 0
6   2.00 0 86299.558994 85912.224123 86299.558994   5000 86312.189604 0 91748.672281 91328.992243 91748.672281   5000 91762.325929 1
7   4.50 1 103838.191075 102829.219531 103838.191075   4000 103845.871392 1 108221.724124 107862.584206 108221.724124   2500 108229.252381 0
8   5.50 0 118768.636743 118296.142454 118768.636743   3500 118779.451615 0 122756.153060 122296.130905 122756.153060   2000 122762.825738 1
9   3.50 0 130176.789730 129829.638819 130176.789730   7500 130196.286462 1 138332.211810 137713.061351 138332.211810   3000 138346.420766 0
10   3.50 1 147679.195262 146913.251009 147679.195262   2500 147696.570853 1 150810.142086 150213.276770 150810.142086   4000 150829.959941 0
11   6.50 1 163933.750889 163396.839268 163933.750889   3000 163946.863986 1 167534.704505 166963.654433 167534.704505   4000 167546.886634 0
12   7.50 0 181973.455893 181113.783283 181973.455893   2000 181980.463167 1 185564.466896 183997.196513 185564.466896   3500 185580.550297 0
13   2.50 1 194022.487568 193647.320070 194022.487568   4500 194030.624707 0 198906.422742 198547.399917 198906.422742   3500 198914.046277 0
14   2.50 1 208015.161096 206980.888230 208015.161096   6500 208030.899955 1 215379.488379 214547.693451 215379.488379   3500 215397.634856 1
15   2.50 1 224034.464384 223464.488358 224034.464384   4000 224047.814874 0 228600.465034 228064.571638 228600.465034   3500 228614.558822 0
16   4.50 0 239512.608636 238681.400133 239512.608636   2000 239531.400566 1 242115.419373 241548.193902 242115.419373   4000 242131.450483 1
17   8.00 1 256723.432233 256198.362371 256723.432233   3500 256731.696089 0 260838.472419 260248.374738 260838.472419   3500 260848.457376 0
18   3.00 1 269911.526057 269415.241424 269911.526057   6500 269931.904033 0 276878.102675 276448.666732 276878.102675   5000 276898.686926 0
19   4.00 0 288477.135971 287965.566092 288477.135971   2500 288482.208811 0 291820.324016 290998.898046 291820.324016   6500 291832.263619 0
20   8.00 0 308864.522812 308399.207748 308864.522812   2500 308882.535836 0 312603.048452 311399.245602 312603.048452   3500 312615.933779 0
21   4.00 1 324217.524827 322182.809576 324217.524827   2000 324232.787617 1 327090.353841 326249.493053 327090.353841   3000 327099.510809 0
22   4.00 0 336726.149425 336166.335439 336726.149425   2500 336733.053402 1 339820.483455 339249.749373 339820.483455   6000 339833.063058 0
23   4.00 1 352576.428635 351899.897953 352576.428635   2500 352583.263319 1 355820.046202 355100.127711 355820.046202   3500 355833.340551 1
24   6.00 1 369477.494948 367400.156038 369477.494948   3500 369483.545913 1 373277.124037 373000.268832 373277.124037   5500 373283.604555 1
25   2.00 1 383679.433297 382850.455009 383679.433297   2000 383683.795240 1 386129.112800 385700.468274 386129.112800   3500 386133.840778 0
--------
9 :Total Won