
trial ITIJitter choice1 rts1 stim1ons_ms choice1ons_ms jitter2 jitter2_ms state rts2 stim2ons_ms choice2ons_ms jitter3 jitter3_ms won

1   6.50 1 26119.212214 23179.586159 26119.212214   4000 26146.782245 1 30679.162540 30179.714480 30679.162540   2000 30696.388638 1
2   3.50 1 38645.232291 38263.206049 38645.232291   2500 38663.207781 1 41479.185574 41179.926851 41479.185574   6500 41496.574638 1
3   6.50 1 56855.714556 56563.519248 56855.714556   2000 56863.494001 1 59219.218982 58880.209060 59219.218982   2500 59230.217995 1
4   5.00 1 69319.662042 68797.020329 69319.662042   7500 69330.374899 1 77347.702690 76847.185397 77347.702690   2000 77363.845439 1
5   3.50 1 85494.232785 84930.620505 85494.232785   2500 85513.959212 0 89042.244792 88030.676356 89042.244792   5500 89047.364789 0
6   7.00 1 103986.143927 103614.256306 103986.143927   3500 103997.552282 1 107797.301672 107514.313377 107797.301672   3000 107814.356140 1
7   2.50 1 116047.283626 115381.106183 116047.283626   3000 116064.466415 1 120133.102292 119081.177946 120133.102292   2000 120147.894145 1
8   5.00 1 129716.053470 129214.672899 129716.053470   3000 129731.360530 1 133567.055767 132748.091630 133567.055767   2000 133581.413575 1
9   4.00 1 142228.656331 141648.256490 142228.656331   2000 142248.218186 1 144960.042205 144264.919452 144960.042205   5000 144964.952077 1
10   2.50 1 154954.979310 154531.748636 154954.979310   7500 154965.127877 0 163714.677230 162481.873573 163714.677230   2000 163731.852319 0
11   5.00 1 173109.873672 172798.754583 173109.873672   3000 173115.377348 1 176591.689500 176132.180308 176591.689500   2000 176598.777937 1
12   4.00 1 185079.212072 184665.548993 185079.212072   2500 185098.936574 1 188161.699531 187615.652115 188161.699531   2500 188182.301105 1
13   2.00 1 195415.242387 194799.089821 195415.242387   6500 195432.443461 1 202355.121554 201949.202952 202355.121554   2500 202365.898571 1
14   5.50 1 213529.021821 212432.705556 213529.021821   5000 213549.395626 1 219295.575918 218566.132179 219295.575918   2500 219316.171718 1
15   6.00 1 233568.007586 229883.002282 233568.007586   5500 233583.081103 0 239972.907963 239099.828724 239972.907963   2000 239983.164319 0
16   2.50 1 252890.643782 246549.933931 252890.643782   6500 252900.023066 1 259919.623096 259416.805333 259919.623096   7000 259933.478208 1
17   6.50 1 280627.034485 275500.420732 280627.034485   3000 280633.781911 1 284258.966973 283650.668279 284258.966973   5000 284267.231150 0
18   3.00 1 295018.207751 294334.042626 295018.207751   2000 295034.059853 1 298372.629956 297050.735775 298372.629956   2500 298384.093810 0
19   3.00 0 306566.163938 305950.886841 306566.163938   2500 306584.205193 1 309848.172183 309101.034297 309848.172183   7000 309867.641327 0
20   2.00 0 321488.095204 320934.470768 321488.095204   3500 321501.111739 1 325726.561014 325017.906518 325726.561014   8000 325734.552509 0
21   3.00 0 339330.949776 338801.428467 339330.949776   4000 339351.435540 0 343761.069990 343368.157337 343761.069990   4500 343768.166768 1
22   5.50 0 355995.611752 355335.036791 355995.611752   2000 356001.724952 0 359280.129309 358018.407290 359280.129309   5000 359285.091793 1
23   4.00 0 370337.000740 369851.959249 370337.000740   2500 370351.952994 0 373545.149171 372868.644474 373545.149171   4500 373552.037750 1
24   5.00 0 385454.912423 384618.849226 385454.912423   2500 385468.797689 1 390023.898134 387985.545952 390023.898134   3000 390035.599381 1
25   2.00 1 397658.028115 397102.411179 397658.028115   3500 397669.034826 1 401561.027580 401185.771219 401561.027580   2000 401569.138734 1
--------
18 :Total Won