
trial ITIJitter choice1 rts1 stim1ons_ms choice1ons_ms jitter2 jitter2_ms state rts2 stim2ons_ms choice2ons_ms jitter3 jitter3_ms won

1   3.50 1 27303.936656 26572.771494 27303.936656   5500 27323.187975 1 33348.520414 32839.540689 33348.520414   4000 33356.206826 1
2   3.00 1 43261.497137 42439.684921 43261.497137   2500 43273.104390 1 46235.952969 45789.752241 46235.952969   3500 46256.447395 0
3   2.00 1 54134.411805 53823.238180 54134.411805   3000 54139.892384 1 57583.413133 57156.627654 57583.413133   2000 57589.947866 1
4   2.50 0 64614.419273 64156.743784 64614.419273   5000 64623.355530 0 70118.489768 69640.132825 70118.489768   3500 70123.433324 0
5   3.00 1 79975.238909 78690.283457 79975.238909   2500 79990.323333 1 83102.416632 82506.984979 83102.416632   2000 83107.032009 1
6   7.00 0 94709.297062 94173.891285 94709.297062   3500 94723.886489 0 98634.284607 98240.897488 98634.284607   4000 98640.615952 0
7   2.50 1 107472.926730 107207.425986 107472.926730   3500 107490.791223 1 111440.912630 111007.483666 111440.912630   3500 111457.511239 0
8   6.50 0 123892.353656 123524.369873 123892.353656   3500 123907.697288 0 127980.311749 127424.454854 127980.311749   3000 127991.117959 0
9   6.00 0 140632.251686 139057.945476 140632.251686   3000 140641.305035 0 144241.265127 143658.015603 144241.265127   6000 144258.104337 1
10   7.00 1 160576.325337 158824.945488 160576.325337   2500 160591.644908 1 163749.882025 163108.400229 163749.882025   2500 163758.352798 1
11   2.00 1 171099.133225 170325.115352 171099.133225   5000 171108.472088 1 176532.343403 176125.237193 176532.343403   2000 176541.889504 0
12   5.50 1 186457.885614 186108.742845 186457.885614   3000 186475.425135 1 190256.364949 189492.134420 190256.364949   3000 190275.375025 1
13   3.00 0 199275.435015 198342.280176 199275.435015   4500 199292.320100 0 204327.906008 203809.010939 204327.906008   2500 204342.336958 0
14   4.00 1 214121.427029 212909.181959 214121.427029   6500 214125.873985 0 221477.360211 220642.634117 221477.360211   2500 221492.628455 0
15   7.50 0 234228.343870 233559.507941 234228.343870   4500 234242.821337 0 239226.369976 238759.604246 239226.369976   4000 239242.995853 1
16   2.00 1 247564.496089 246809.722157 247564.496089   2500 247576.399442 0 250621.464403 250093.105680 250621.464403   3000 250626.433624 0
17   2.50 0 258398.410234 258193.245260 258398.410234   2000 258409.954289 0 260943.266834 260426.636306 260943.266834   2500 260959.949493 1
18   5.00 0 270479.132962 270026.786634 270479.132962   2000 270493.485637 0 273081.401545 272510.145198 273081.401545   2500 273093.498020 0
19   2.50 0 280966.416538 280160.263301 280966.416538   6500 280976.945575 1 288008.424898 287493.743241 288008.424898   4500 288027.060278 0
20   2.00 1 297208.806396 296593.826361 297208.806396   4500 297227.406487 1 302289.312262 301743.966760 302289.312262   3500 302293.978966 0
21   7.00 0 315534.174861 314860.864709 315534.174861   2000 315544.171688 0 318039.153224 317560.871349 318039.153224   8000 318044.214836 1
22   2.00 1 331077.808885 329611.083255 331077.808885   7500 331094.455935 1 339214.254253 338611.221841 339214.254253   6500 339227.890577 0
23   6.00 0 354128.237011 353794.810966 354128.237011   4000 354144.818617 0 358601.196142 358161.537206 358601.196142   4500 358611.550984 0
24   3.00 0 368745.133195 368178.378020 368745.133195   3000 368761.711914 0 372286.355752 371778.450072 372286.355752   3000 372295.124871 0
25   2.50 1 380459.751077 379861.929129 380459.751077   4500 380478.602356 1 385600.378418 384995.313727 385600.378418   5500 385611.986953 0
--------
9 :Total Won