
trial ITIJitter choice1 rts1 stim1ons_ms choice1ons_ms jitter2 jitter2_ms state rts2 stim2ons_ms choice2ons_ms jitter3 jitter3_ms won

1   2.00 1 20894.966587 20016.984212 20894.966587   6000 20917.391919 1 27652.147175 26950.504124 27652.147175   5000 27667.085313 0
2   2.50 0 37636.543052 37233.934163 37636.543052   2000 37650.575567 0 41665.597113 39667.309874 41665.597113   3500 41683.995420 1
3   2.50 0 49757.490803 49250.799358 49757.490803   5000 49767.458117 0 55137.060345 54784.210069 55137.060345   4000 55150.897812 1
4   3.00 0 64235.438724 63717.691805 64235.438724   3500 64251.029694 0 68238.516818 67767.706097 68238.516818   2000 68251.105724 0
5   3.50 0 76515.399932 75817.876940 76515.399932   5000 76534.564314 0 95054.530219 81551.318832 95054.530219   7000 95068.199586 1
6   4.50 0 109464.587806 108135.104416 109464.587806   3500 109468.435825 1 114526.438403 112985.156819 114526.438403   2000 114535.190198 0
7   2.50 0 121910.490509 121101.986437 121910.490509   2500 121918.622836 1 127466.002863 124435.341906 127466.002863   3000 127485.378974 1
8   3.00 1 136464.563746 135552.219002 136464.563746   7000 136468.870511 1 159359.608609 143485.674112 159359.608609   3000 159369.227531 0
9   2.50 0 167461.446515 166936.035319 167461.446515   5000 167469.381228 0 172953.284834 172486.124197 172953.284834   2500 172969.423734 1
10   7.50 0 185175.331043 184536.317496 185175.331043   6500 185186.323961 1 192370.356112 191703.122589 192370.356112   3500 192386.440476 0
11   6.00 1 217843.505158 203953.311782 217843.505158   2500 217853.538557 1 221063.075418 220370.249285 221063.075418   2500 221070.258172 0
12   5.00 0 231035.370650 230637.066280 231035.370650   2500 231053.738480 0 233881.915726 233570.447284 233881.915726   3000 233887.035403 0
13   3.00 1 242488.946291 241953.920343 242488.946291   4000 242503.934154 1 246784.464786 246520.719469 246784.464786   4000 246804.017658 0
14   3.00 0 256309.362377 255870.825606 256309.362377   3500 256320.828477 0 260086.556831 259837.584118 260086.556831   3000 260104.214406 1
15   3.50 0 268601.423270 268171.009842 268601.423270   2500 268621.013355 1 271726.470227 271137.722159 271726.470227   2500 271737.740317 0
16   3.50 0 280784.495583 279804.539282 280784.495583   4000 280804.546340 0 285345.344476 284821.294121 285345.344476   3500 285354.629764 1
17   2.50 0 299921.457441 292921.453271 299921.457441   3500 299938.230245 1 304258.452728 303454.943861 304258.452728   4500 304271.612661 1
18   2.00 0 314678.910069 312838.363987 314678.910069   3500 314688.429543 0 318482.533462 318205.196092 318482.533462   5500 318488.640887 0
19   6.50 1 332833.968681 332555.422530 332833.968681   2000 332838.722002 1 336279.718041 334855.429363 336279.718041   8000 336288.764974 1
20   5.50 1 352450.346129 351855.849934 352450.346129   7500 352455.744262 1 363171.514464 359972.502790 363171.514464   4500 363189.234275 1
21   5.50 1 376715.792337 375272.764661 376715.792337   3500 376722.778118 1 381057.959912 380239.493659 381057.959912   3500 381072.850250 1
22   2.00 1 389423.435987 388639.643923 389423.435987   3500 389439.669843 1 393303.880836 392956.379931 393303.880836   4500 393322.996135 1
23   4.50 1 405912.310418 404389.891983 405912.310418   4500 405923.266122 1 411006.938623 410439.993853 411006.938623   3000 411023.286685 1
24   2.50 1 419428.875182 418590.127195 419428.875182   5500 419440.149442 0 425724.270168 424956.892572 425724.270168   4000 425740.271123 1
25   2.00 1 436663.474367 433307.023732 436663.474367   2500 436673.783656 1 439519.947620 439190.453001 439519.947620   5000 439540.464502 1
--------
15 :Total Won