
trial ITIJitter choice1 rts1 stim1ons_ms choice1ons_ms jitter2 jitter2_ms state rts2 stim2ons_ms choice2ons_ms jitter3 jitter3_ms won

1   2.50 1 20775.585632 19062.834496 20775.585632   4500 20796.557411 1 25829.649085 25312.933543 25829.649085   2000 25846.272716 0
2   3.00 0 34453.628895 32913.085155 34453.628895   4000 34463.007857 0 38806.236965 38479.811458 38806.236965   2500 38813.157303 1
3   3.00 0 46504.602384 45879.938303 46504.602384   3500 46513.293868 1 50801.261008 50029.989199 50801.261008   4500 50813.335027 0
4   6.50 1 64227.247690 63880.252689 64227.247690   3000 64246.859270 1 68111.315355 67263.618600 68111.315355   4500 68130.303937 0
5   2.00 1 77563.469844 76697.113008 77563.469844   4500 77580.451811 0 82783.490831 82097.205848 82783.490831   3500 82797.230774 1
6   2.00 1 90409.179553 89864.029740 90409.179553   2500 90413.975540 0 93520.788762 92930.739843 93520.788762   2000 93530.723033 1
7   3.50 1 101124.601363 100597.538680 101124.601363   3500 101130.866945 1 105698.853999 104647.556500 105698.853999   6000 105714.248639 0
8   4.50 0 118613.598341 118281.106471 118613.598341   5500 118631.157752 0 124448.403032 124147.883558 124448.403032   3500 124464.561501 1
9   5.50 1 135916.570025 135031.429920 135916.570025   3500 135931.413527 1 140050.525329 139448.142541 140050.525329   3000 140064.776310 1
10   2.50 0 148317.229401 147631.611365 148317.229401   2000 148331.668693 0 154476.525806 150348.320875 154476.525806   2500 154481.694886 1
11   6.50 0 166939.124962 165048.526092 166939.124962   5500 166948.578992 1 173328.723732 172465.322122 173328.723732   4000 173348.674078 0
12   4.50 1 184496.199942 183915.538647 184496.199942   5500 184515.573165 1 190728.463690 190032.300897 190728.463690   7000 190748.980251 1
13   3.50 1 206397.344531 203315.860219 206397.344531   2500 206415.937564 1 209478.454467 208932.629687 209478.454467   2000 209499.287980 0
14   2.00 0 216087.513783 215566.045562 216087.513783   3000 216099.403341 0 219974.588644 219116.103002 219974.588644   3000 219982.803417 0
15   3.00 1 230270.701263 228049.635425 230270.701263   5000 230282.961027 1 235714.524849 235299.699826 235714.524849   4500 235733.049552 1
16   5.50 1 249213.747065 247799.917169 249213.747065   7000 249233.257913 1 256625.137905 256250.098085 256625.137905   2000 256633.386362 0
17   3.50 1 267752.129563 264200.183884 267752.129563   2500 267766.873295 1 270603.607609 270283.602951 270603.607609   5000 270616.949758 1
18   3.50 1 282090.644167 281183.744714 282090.644167   7500 282100.503370 0 290503.474444 289617.280184 290503.474444   3500 290517.256092 0
19   3.50 0 300306.107201 299584.217383 300306.107201   3000 300317.441772 0 303929.558330 303334.155228 303929.558330   3500 303934.190067 0
20   2.50 0 312547.110554 312000.975558 312547.110554   3000 312567.657591 0 316159.574861 315584.355328 316159.574861   3000 316167.685052 0
21   4.00 1 325747.732011 325234.536950 325747.732011   2000 325767.836984 1 328221.615372 327784.570329 328221.615372   2500 328234.578012 1
22   2.00 1 335429.448134 334834.684390 335429.448134   3500 335434.678488 1 339377.372691 338951.394670 339377.372691   2000 339384.733810 1
23   5.00 1 349372.560663 348451.538229 349372.560663   2500 349384.883945 0 352593.468988 351901.601411 352593.468988   3500 352601.722257 0
24   3.00 1 362735.026012 361168.436691 362735.026012   2000 362751.808440 1 365257.484869 364768.481475 365257.484869   4500 365268.492863 1
25   2.50 1 374817.726804 374335.345082 374817.726804   2500 374835.344601 0 377842.403845 377352.025174 377842.403845   2000 377852.045866 1
--------
13 :Total Won