
trial ITIJitter choice1 rts1 stim1ons_ms choice1ons_ms jitter2 jitter2_ms state rts2 stim2ons_ms choice2ons_ms jitter3 jitter3_ms won

1   7.00 1 26432.048233 25795.938905 26432.048233   3500 26446.405079 1 30825.567202 29979.348381 30825.567202   2500 30846.040776 0
2   3.50 0 39757.617199 38912.892353 39757.617199   6000 39762.814189 1 46117.562971 45779.697349 46117.562971   2500 46129.576038 0
3   2.00 1 53377.482084 52696.378372 53377.482084   6500 53396.371539 1 60450.692275 59913.254859 60450.692275   3000 60463.137782 0
4   3.50 0 69299.579846 69029.959685 69299.579846   2000 69313.334546 1 72097.691863 71330.073666 72097.691863   4500 72113.376186 1
5   4.50 1 83601.511490 83180.206590 83601.511490   2000 83613.522632 0 86159.635492 85630.223256 86159.635492   4500 86180.268826 0
6   5.50 1 98482.103588 98247.102438 98482.103588   7000 98497.103961 0 106475.502448 105513.884465 106475.502448   3500 106480.619238 0
7   3.00 0 116142.700683 115047.377942 116142.700683   7000 116147.433473 1 123797.611566 123164.177726 123797.611566   3000 123814.220120 0
8   3.50 1 133072.104707 132381.002564 133072.104707   2000 133081.035189 0 135629.521021 135097.759552 135629.521021   3000 135647.701182 0
9   2.00 0 143195.469380 142714.558533 143195.469380   2500 143214.506403 0 146555.539302 145731.189543 146555.539302   2500 146564.562816 0
10   3.50 1 154914.453375 154631.354082 154914.453375   3000 154931.417056 0 158403.639305 157948.133078 158403.639305   2500 158414.734236 0
11   2.50 1 165763.341908 165481.520691 165763.341908   2000 165781.526561 0 168434.046829 167798.214674 168434.046829   2000 168448.253218 0
12   3.00 1 175838.057943 175515.011762 175838.057943   3000 175848.386158 1 179367.553588 178865.090631 179367.553588   3000 179381.742333 1
13   4.00 0 188755.623737 188448.549960 188755.623737   2500 188765.260303 1 192005.505922 191281.942481 192005.505922   4000 192015.326950 1
14   2.00 0 200982.581422 200082.065926 200982.581422   4500 200998.816883 1 205968.112296 205515.542689 205968.112296   3000 205982.199989 1
15   3.00 1 214612.011656 214049.023335 214612.011656   2000 214632.305901 0 217698.580035 216648.968670 217698.580035   3500 217715.745500 1
16   2.00 1 225436.107981 224782.486400 225436.107981   7000 225449.299994 0 232842.403845 232465.948648 232842.403845   2500 232849.310709 0
17   4.00 0 241759.097379 241416.111118 241759.097379   5000 241766.112353 1 247251.382897 246782.962150 247251.382897   2500 247266.160955 0
18   6.00 1 259051.450522 257833.035148 259051.450522   7500 259066.380640 0 266815.089813 266583.173815 266815.089813   2500 266833.214797 1
19   6.00 0 277618.057487 276899.991627 277618.057487   4000 277633.345299 1 282178.600014 281650.131256 282178.600014   3000 282183.444443 0
20   3.50 1 291020.520411 290750.223038 291020.520411   3500 291033.581538 0 295037.613696 294550.332046 295037.613696   2000 295050.318412 0
21   3.50 1 303421.988850 302617.118821 303421.988850   2000 303433.741746 0 305977.592953 305450.646721 305977.592953   5000 305983.810414 1
22   2.50 1 315590.379024 315050.641459 315590.379024   3500 315600.606187 0 319629.493111 319117.382039 319629.493111   2500 319634.064216 0
23   2.00 0 327076.592084 326200.791482 327076.592084   6500 327084.154666 1 334033.578330 333600.920252 334033.578330   6000 334050.946221 0
24   2.50 0 344889.504294 344617.800525 344889.504294   3500 344901.117000 0 349021.478005 348417.889964 349021.478005   3500 349034.474971 1
25   2.50 1 357077.634690 356601.295270 357077.634690   4500 357084.646776 1 362153.063225 361601.349806 362153.063225   3500 362168.064882 1
--------
9 :Total Won