
trial ITIJitter choice1 rts1 stim1ons_ms choice1ons_ms jitter2 jitter2_ms state rts2 stim2ons_ms choice2ons_ms jitter3 jitter3_ms won

1   3.00 1 19650.735647 19132.989049 19650.735647   7500 19666.668591 1 27728.132301 27199.803733 27728.132301   8000 27749.798938 1
2   3.50 0 41916.098767 41316.783808 41916.098767   4500 41933.838135 1 46975.240834 46450.103603 46975.240834   2500 46983.479346 1
3   2.00 1 54410.160885 53550.235485 54410.160885   4500 54416.917614 1 59417.045614 58933.654969 59417.045614   6000 59433.627220 1
4   2.50 0 70434.949244 70017.140764 70434.949244   5500 70450.487924 0 76697.624687 75967.231053 76697.624687   3000 76717.254231 0
5   2.50 1 84613.114572 84284.048224 84613.114572   2000 84634.063254 1 87327.033427 86650.758424 87327.033427   3500 87334.109032 1
6   5.00 0 98281.067013 97900.936388 98281.067013   6500 98300.982391 1 104887.187463 104834.387328 104887.187463   5000 104901.072408 1
7   3.00 1 117571.094342 114967.900246 117571.094342   4000 117584.645012 0 122081.666848 121601.370016 122081.666848   7500 122101.350608 0
8   8.00 1 140428.006772 139668.293132 140428.006772   2000 140434.984853 0 142957.293254 142452.084400 142957.293254   3000 142968.349689 0
9   2.50 0 151560.106558 150535.152665 151560.106558   8000 151568.504829 1 160264.624955 159585.264480 160264.624955   2000 160285.333998 1
10   8.00 1 172656.640005 172352.125906 172656.640005   5000 172668.825022 0 178285.630740 177685.639530 178285.630740   6000 178302.266561 0
11   3.00 0 190685.651399 189369.104023 190685.651399   3000 190702.450830 0 194127.957913 193719.142150 194127.957913   6500 194135.871453 0
12   3.00 0 206906.046441 205702.688865 206906.046441   2000 206919.374475 0 209878.555326 208936.059058 209878.555326   7500 209886.148065 0
13   6.50 1 226256.022012 225969.719834 226256.022012   3000 226269.711910 0 229886.198751 229286.410609 229886.198751   3500 229903.084478 1
14   5.00 1 240315.160871 239969.961077 240315.160871   2000 240319.941460 0 242795.191437 242336.650745 242795.191437   2500 242803.303553 1
15   2.00 0 249188.034797 248870.035150 249188.034797   2500 249203.398639 1 252222.033698 251720.205608 252222.033698   5500 252236.795074 0
16   5.50 0 265786.529466 265303.658520 265786.529466   5500 265803.676967 0 272080.942798 271320.407906 272080.942798   2500 272087.126254 1
17   2.00 1 278974.541807 278153.840848 278974.541807   5500 278987.238823 0 285628.923687 284503.963346 285628.923687   2500 285637.336074 1
18   2.50 0 292631.546884 292237.407805 292631.546884   3500 292637.415633 1 296681.502148 296154.138873 296681.502148   4000 296704.170328 0
19   3.00 0 306874.993784 305787.644253 306874.993784   2500 306887.711974 0 310048.863896 309404.462161 310048.863896   8000 310054.399332 1
20   5.00 0 324970.048014 324637.932445 324970.048014   6000 324987.942662 1 331382.102272 331004.823897 331382.102272   6000 331388.103833 0
21   3.00 0 342878.893772 342471.608234 342878.893772   3000 342888.221407 1 345993.123933 345904.992286 345993.123933   6000 346005.033060 0
22   3.00 1 358066.008189 357071.803474 358066.008189   3000 358071.834913 0 361851.147941 361088.537461 361851.147941   5000 361855.236240 1
23   6.50 0 375312.892160 374922.098403 375312.892160   2500 375322.104306 1 378316.219196 377838.789691 378316.219196   2000 378322.177128 1
24   4.50 0 387232.954113 386888.953798 387232.954113   3000 387238.938351 1 390930.008094 390255.676829 390930.008094   8000 390939.005302 0
25   2.00 0 403583.795208 403005.867145 403583.795208   4500 403589.213230 0 408667.817704 408105.998064 408667.817704   2000 408672.639355 1
--------
14 :Total Won