
trial ITIJitter choice1 rts1 stim1ons_ms choice1ons_ms jitter2 jitter2_ms state rts2 stim2ons_ms choice2ons_ms jitter3 jitter3_ms won

1   3.50 0 20724.161095 20150.254283 20724.161095   3000 20750.546726 1 24352.652983 23766.965686 24352.652983   5500 24366.995071 1
2   2.00 0 34192.990223 33933.849696 34192.990223   2500 34200.482550 1 36793.230375 36717.199374 36793.230375   3500 36800.509690 1
3   2.50 0 45444.955054 44867.306731 45444.955054   2000 45450.666931 0 47957.122266 47467.441018 47957.122266   5500 47967.361940 1
4   4.00 1 59563.063709 59050.875003 59563.063709   3000 59567.542424 0 63494.099331 62584.286355 63494.099331   2500 63500.941714 0
5   2.00 1 71094.605428 70067.731857 71094.605428   5500 71101.088513 0 77258.062312 76617.949377 77258.062312   2500 77267.869225 0
6   3.00 1 85983.163357 84834.694014 85983.163357   3500 86001.391959 0 90030.507935 89518.169094 90030.507935   4500 90051.440256 0
7   2.00 1 98818.111767 98618.193828 98818.111767   4000 98834.856661 0 103280.250572 102851.675340 103280.250572   2000 103284.961226 0
8   2.00 0 109702.261236 109351.723941 109702.261236   3000 109718.414892 1 113565.036319 112735.194433 113565.036319   2500 113585.127819 0
9   2.00 1 120980.039388 120168.560520 120980.039388   8000 120985.249210 1 129522.016791 129018.683500 129522.016791   2500 129535.357657 1
10   3.50 1 137959.102576 137602.155981 137959.102576   3000 137968.881258 0 141771.352651 140985.534403 141771.352651   6500 141785.585346 0
11   2.00 0 153075.852635 152352.402437 153075.852635   3000 153085.738786 1 156485.506654 156102.524101 156485.506654   8000 156502.458465 0
12   6.50 1 173464.941972 173086.086535 173464.941972   5500 173469.397589 0 179177.032577 178986.176327 179177.032577   2500 179186.197244 0
13   5.50 1 189572.012797 189253.014495 189572.012797   4000 189586.333071 0 194206.216883 193603.060000 194206.216883   2500 194219.794822 0
14   4.50 1 203858.871246 203287.041851 203858.871246   2000 203869.902338 0 206397.096872 205886.705298 206397.096872   3500 206403.323636 0
15   5.00 1 217638.089959 216970.120836 217638.089959   2500 217653.469841 0 220841.017981 220170.228690 220841.017981   5500 220853.563258 0
16   5.50 1 234226.877806 233920.385001 234226.877806   3000 234237.045300 0 237745.557616 237253.886113 237745.557616   3000 237753.762765 1
17   2.50 1 245399.530474 244820.602472 245399.530474   4000 245403.893059 0 249938.959428 249420.652710 249938.959428   4500 249954.008564 0
18   5.00 0 261977.062026 261520.826617 261977.062026   8000 261987.507976 1 270599.883420 270004.401722 270599.883420   2000 270604.308240 0
19   2.50 1 277955.880763 277171.116670 277955.880763   4000 277971.105377 0 282676.490582 281987.832307 282676.490582   7000 282687.883859 1
20   3.50 0 295487.832788 294754.771366 295487.832788   2500 295504.734554 1 298424.493991 298021.421223 298424.493991   2500 298438.090536 0
21   3.00 0 306408.534420 306004.988148 306408.534420   2000 306421.600679 1 308474.998789 308438.252541 308474.998789   3000 308488.290251 1
22   5.50 0 319380.880017 319055.116004 319380.880017   2500 319388.508044 1 322364.916276 321905.207545 322364.916276   3500 322371.817044 1
23   5.00 0 333302.938641 332938.720110 333302.938641   2000 333321.991705 1 335762.952134 335355.369854 335762.952134   7500 335772.028902 1
24   4.00 1 349677.508486 349338.984579 349677.508486   2000 349688.914275 0 352167.929824 351705.627410 352167.929824   6000 352189.015167 1
25   2.00 1 362140.469506 361805.780144 362140.469506   2500 362155.800948 0 365175.466422 364672.542794 365175.466422   2500 365189.189042 1
--------
11 :Total Won