
trial ITIJitter choice1 rts1 stim1ons_ms choice1ons_ms jitter2 jitter2_ms state rts2 stim2ons_ms choice2ons_ms jitter3 jitter3_ms won

1   2.50 0 29739.057529 27296.527737 29739.057529   5000 29763.661106 1 35483.625151 34779.985108 35483.625151   2500 35496.680824 0
2   5.50 0 46274.313492 45563.473694 46274.313492   2000 46280.188015 1 48734.522032 48296.849822 48734.522032   2000 48746.893756 0
3   2.00 1 55259.426040 54813.629523 55259.426040   3000 55263.632715 0 58891.452523 58280.346492 58891.452523   5500 58897.055328 1
4   7.00 1 73298.422393 72963.910754 73298.422393   3000 73313.917122 1 77310.410116 76330.722327 77310.410116   2500 77330.665545 0
5   8.00 1 90385.408135 89897.535247 90385.408135   2000 90397.521613 0 92867.020896 92414.358257 92867.020896   4000 92880.913220 1
6   5.50 1 105170.006053 103947.759985 105170.006053   2000 105181.141727 0 107795.496519 107197.814120 107795.496519   4000 107814.502746 1
7   2.00 1 117773.490796 115381.260488 117773.490796   3500 117781.357498 0 121708.554726 121298.023636 121708.554726   5500 121714.717651 1
8   2.00 1 133291.277815 130781.539714 133291.277815   3500 133298.210343 0 137243.870038 136814.966625 137243.870038   2500 137264.981366 1
9   2.00 1 143656.516175 143331.724512 143656.516175   2000 143665.052712 0 146127.423778 145681.828403 146127.423778   7000 146131.735355 1
10   6.00 1 161047.578122 160698.672105 161047.578122   3000 161065.373322 0 164523.536430 164082.073304 164523.536430   3000 164532.068155 0
11   6.50 0 176399.275116 176098.933366 176399.275116   2000 176415.572812 1 178783.956314 178432.274719 178783.956314   3000 178798.997109 0
12   2.00 1 186801.319715 185865.794470 186801.319715   4500 186815.752590 0 191721.562921 191332.483850 191721.562921   4500 191732.526324 0
13   2.00 0 200850.331180 200299.335395 200850.331180   6500 200866.003313 0 208038.826648 207382.750292 208038.826648   2000 208049.454813 0
14   2.50 0 214943.939235 214616.199723 214943.939235   2500 214949.546530 1 218008.285349 217466.241219 218008.285349   4500 218016.243160 1
15   7.00 0 232067.439606 231583.172210 232067.439606   8000 232083.163068 1 240410.287923 240099.946458 240410.287923   4000 240416.631459 0
16   4.50 1 251782.514310 250983.471326 251782.514310   7000 251800.180547 1 259422.531967 258816.948860 259422.531967   4000 259433.610859 1
17   3.50 0 269428.982651 269000.469012 269428.982651   2500 269433.784413 1 272388.305617 271950.472685 272388.305617   2000 272400.463687 0
18   2.50 1 280643.189104 278967.282061 280643.189104   7500 280650.640048 0 288532.490972 288167.383498 288532.490972   2000 288550.732406 0
19   2.50 0 295479.285022 295117.519021 295479.285022   6000 295484.177892 0 302108.170534 301500.975077 302108.170534   2500 302117.642850 0
20   5.50 0 312695.503224 312184.479991 312695.503224   5500 312701.148053 1 318664.866647 318217.868406 318664.866647   5500 318684.553295 1
21   5.00 0 333368.865025 331251.431658 333368.865025   7000 333384.777760 1 340786.440283 340401.562754 340786.440283   2000 340801.616456 1
22   6.00 0 351324.886941 350918.441583 351324.886941   6500 351335.102556 1 358251.067548 357851.971439 358251.067548   6500 358268.523981 1
23   6.50 0 374429.258861 373335.425603 374429.258861   3000 374435.471189 1 377921.751296 377452.173416 377921.751296   2000 377935.547058 0
24   6.50 0 389091.385540 388502.340731 389091.385540   5500 389102.349905 1 394955.306207 394619.216223 394955.306207   4000 394969.172546 1
25   5.50 0 406849.319371 406535.957556 406849.319371   2000 406869.379752 1 409340.244688 408886.072997 409340.244688   3500 409352.690196 0
--------
12 :Total Won