
trial ITIJitter choice1 rts1 stim1ons_ms choice1ons_ms jitter2 jitter2_ms state rts2 stim2ons_ms choice2ons_ms jitter3 jitter3_ms won

1   7.00 0 23017.225455 22572.053860 23017.225455   2500 23038.988653 1 26775.657491 25572.070863 26775.657491   5000 26788.782779 0
2   7.00 1 41485.593912 40872.365455 41485.593912   3500 41505.688298 0 45538.170127 45022.385553 45538.170127   4500 45555.731141 0
3   2.50 1 55026.470644 54622.541655 55026.470644   2000 55039.252031 0 57703.579731 57055.999813 57703.579731   2000 57722.623492 1
4   5.50 0 67172.704960 66789.398397 67172.704960   3000 67189.403337 0 70890.470549 70206.200843 70890.470549   2000 70906.153589 1
5   5.50 0 80400.739897 79973.013186 80400.739897   2000 80406.291053 0 82873.572632 82423.025039 82873.572632   4500 82889.706720 1
6   2.50 0 91863.632266 91456.470557 91863.632266   2000 91873.143720 1 94205.541916 93889.964324 94205.541916   5000 94223.179923 0
7   3.00 0 104703.537065 104290.029254 104703.537065   2500 104723.358128 0 107333.092411 107240.082651 107333.092411   7500 107340.118293 1
8   2.00 1 118766.952533 118406.907313 118766.952533   2000 118773.585111 0 121324.460275 120790.301133 121324.460275   6000 121340.293129 1
9   3.00 1 132534.434069 131907.119844 132534.434069   3500 132540.499469 0 136910.551783 136057.195441 136910.551783   4500 136923.881420 1
10   2.50 1 145737.503565 145490.702360 145737.503565   6000 145757.369540 0 152245.491371 151774.131437 152245.491371   3000 152257.490964 0
11   7.00 1 164704.038478 164324.805842 164704.038478   7000 164724.327591 1 172364.455283 171741.143062 172364.455283   2000 172374.534557 1
12   8.00 1 184899.516520 184441.356620 184899.516520   3000 184907.992425 0 188408.561047 187924.702031 188408.561047   4000 188424.744858 1
13   3.50 1 197901.989902 197491.545748 197901.989902   2000 197908.222440 0 200428.976876 199924.921781 200428.976876   5000 200441.992770 0
14   4.00 1 211800.034903 211508.425380 211800.034903   6000 211808.452102 0 218280.064828 217825.312485 218280.064828   2500 218291.859749 0
15   2.50 1 225742.365638 225358.687908 225742.365638   4000 225758.656597 0 230270.966566 229775.388018 230270.966566   2500 230292.054797 1
16   2.50 1 237143.371480 236858.842374 237143.371480   6000 237158.890590 0 243658.314270 243175.604367 243658.314270   5000 243675.612226 0
17   3.50 1 254508.878673 254242.436375 254508.878673   2500 254525.790704 0 257531.342180 257042.502396 257531.342180   4000 257542.496140 0
18   8.00 1 272183.013927 271609.390063 272183.013927   4500 272192.774323 0 277653.478503 276709.580009 277653.478503   5500 277659.487763 1
19   3.00 1 288604.214566 287759.653008 288604.214566   4000 288609.650554 0 293137.922019 292626.422716 293137.922019   2000 293159.742640 0
20   3.00 1 300432.561837 300226.525886 300432.561837   2500 300443.186794 0 303496.206037 302959.892070 303496.206037   2500 303509.907805 0
21   3.00 1 311353.970196 311076.713988 311353.970196   3500 311360.046503 1 315983.234575 314876.802145 315983.234575   5500 315993.466550 1
22   4.00 1 327796.365251 327560.545094 327796.365251   2500 327810.369214 1 330904.223003 330327.005196 330904.223003   6500 330910.359622 0
23   2.00 1 341765.850900 341477.197886 341765.850900   8000 341777.208247 0 350418.975237 349793.999658 350418.975237   4000 350427.365809 0
24   3.00 1 359967.900567 359494.170549 359967.900567   5500 359977.560873 0 365985.915195 365494.244013 365985.915195   3000 365994.289086 0
25   2.00 0 373306.416454 373061.060783 373306.416454   2000 373311.034076 1 375983.589061 375327.756514 375983.589061   4500 375994.470659 0
--------
11 :Total Won