
trial ITIJitter choice1 rts1 stim1ons_ms choice1ons_ms jitter2 jitter2_ms state rts2 stim2ons_ms choice2ons_ms jitter3 jitter3_ms won

1   4.50 1 22727.421404 21359.686243 22727.421404   5500 22743.426850 0 28689.295708 28259.792076 28689.295708   2500 28709.806175 1
2   3.50 0 36679.253006 36293.262936 36679.253006   3000 36693.268198 1 40266.416634 39710.022074 40266.416634   2000 40276.642193 0
3   3.00 0 47742.322971 47343.498261 47742.322971   3000 47760.108226 0 51226.897695 50776.838684 51226.897695   7000 51243.519081 0
4   4.50 1 65201.273327 64810.381725 65201.273327   3000 65210.426124 1 68791.100251 68227.187700 68791.100251   3000 68810.450377 1
5   5.50 0 79678.971984 79377.297302 79678.971984   8000 79693.959846 0 87811.505173 87710.757673 87811.505173   2500 87827.413416 1
6   5.50 1 97764.400554 97394.313274 97764.400554   4000 97777.590964 1 102499.412131 101794.422475 102499.412131   4000 102510.996927 0
7   8.00 1 116814.364801 116577.943461 116814.364801   3000 116827.938890 0 120408.366320 119844.670631 120408.366320   6500 120427.961218 1
8   8.00 1 137702.971491 136494.901977 137702.971491   4000 137711.564811 0 142233.391687 141728.322537 142233.391687   2500 142245.011772 1
9   6.00 1 152641.919370 152311.853083 152641.919370   2000 152661.813576 0 155237.544147 154678.545318 155237.544147   2000 155245.214198 1
10   4.50 1 168576.291011 163312.054547 168576.291011   3500 168595.453468 0 172167.448300 172112.126984 172167.448300   6000 172178.783834 1
11   2.50 1 183369.883571 182245.667812 183369.883571   5000 183378.973813 0 188897.199688 188395.719028 188897.199688   5000 188912.407942 1
12   3.50 1 199377.136580 198979.241233 199377.136580   4000 199395.891298 0 203948.133078 203412.632984 203948.133078   2500 203962.652890 1
13   3.00 0 211591.304858 211029.449931 211591.304858   2000 211596.089618 1 214223.185697 213612.880708 214223.185697   5000 214229.472772 1
14   3.50 1 225140.448654 224829.652292 225140.448654   3000 225146.320932 0 228710.143337 228163.061977 228710.143337   2000 228729.706476 0
15   7.50 1 240643.740562 240296.580028 240643.740562   2500 240663.235049 0 243928.224115 243179.953156 243928.224115   5500 243946.619214 1
16   2.50 1 253867.409066 253513.442720 253867.409066   2000 253880.117952 1 256448.342721 255896.868621 256448.342721   2000 256463.526273 1
17   2.00 0 263440.301823 262530.251775 263440.301823   2500 263446.979314 1 266467.149088 265963.644809 266467.149088   2500 266480.329553 0
18   2.00 0 273625.828591 273047.130604 273625.828591   3500 273630.463857 1 277683.853626 277147.275317 277683.853626   2000 277697.206361 1
19   2.50 0 284551.206552 284263.941968 284551.206552   3000 284563.971257 1 288117.898850 287580.804372 288117.898850   2500 288130.703977 1
20   3.50 0 296565.273392 296197.496206 296565.273392   5500 296580.855059 1 302581.243870 302097.579261 302581.243870   6500 302597.579101 1
21   5.50 0 317026.158183 316681.151512 317026.158183   2000 317031.132216 1 319552.832376 319048.325912 319552.832376   3000 319564.509563 1
22   4.50 0 329545.270113 329131.330182 329545.270113   4000 329564.715197 1 333978.301284 333581.478377 333978.301284   3500 333998.115931 1
23   2.00 0 342166.462476 341564.896450 342166.462476   2000 342181.550108 1 344789.163249 344198.246240 344789.163249   2500 344798.257982 1
24   6.00 0 355633.263174 355365.109077 355633.263174   2000 355648.430686 1 358103.149986 357665.249364 358103.149986   4500 358115.144446 1
25   2.00 0 367242.275332 366681.994579 367242.275332   6500 367248.620472 1 373933.732603 373782.075133 373933.732603   3500 373948.723353 0
--------
19 :Total Won