
trial ITIJitter choice1 rts1 stim1ons_ms choice1ons_ms jitter2 jitter2_ms state rts2 stim2ons_ms choice2ons_ms jitter3 jitter3_ms won

trial ITIJitter choice1 rts1 stim1ons_ms choice1ons_ms jitter2 jitter2_ms state rts2 stim2ons_ms choice2ons_ms jitter3 jitter3_ms won

1   6.50 1 22303.596285 20461.184420 22303.596285   3500 22327.923652 0 26271.670406 25844.630852 26271.670406   5500 26278.362762 1
2   2.00 1 36619.078279 35344.716666 36619.078279   5500 36628.062976 0 42806.591772 42144.880532 42806.591772   2500 42811.586336 1
3   2.50 1 49545.528038 49378.333171 49545.528038   5000 49562.121193 0 57971.465959 54578.403170 57971.465959   3500 57978.415489 0
4   6.50 1 70862.136367 70045.311657 70862.136367   3000 70878.639698 0 74394.467580 73895.368552 74394.467580   2000 74412.095641 1
5   2.50 1 80562.482416 80478.830767 80562.482416   5000 80578.817325 1 86665.425164 85595.605207 86665.425164   2000 86678.934450 0
6   2.00 1 93132.060969 92745.643270 93132.060969   3500 93145.665534 1 97129.495517 96662.392303 97129.495517   5000 97145.772361 1
7   6.00 1 111185.437264 110212.612068 111185.437264   2000 111195.992928 0 113866.449869 113212.667567 113866.449869   3000 113879.403527 1
8   4.00 1 122705.501976 122446.138492 122705.501976   4000 122712.852188 0 127273.352690 126729.666696 127273.352690   2000 127279.921429 0
9   5.50 0 137324.983824 136846.389808 137324.983824   5500 137346.401518 1 142935.518186 142863.174482 142935.518186   4000 142946.549920 0
10   4.00 1 153242.377989 153013.315202 153242.377989   4000 153246.651069 0 157313.528631 157263.371583 157313.528631   3000 157330.110879 1
11   4.50 0 167023.514776 166396.864611 167023.514776   4000 167030.204136 1 171653.252979 171046.995546 171653.252979   2000 171663.654658 0
12   3.00 0 179021.515859 178730.406466 179021.515859   3500 179030.395013 1 183165.345124 182547.128198 183165.345124   2500 183180.454890 0
13   7.50 0 196359.274975 195247.358117 196359.274975   6000 196364.007123 1 203294.380931 202380.779285 203294.380931   2000 203314.159328 0
14   3.00 0 210845.482581 210380.908890 210845.482581   5000 210864.290231 1 216575.475533 215897.680250 216575.475533   3500 216581.000382 0
15   5.00 1 228098.412063 227147.924620 228098.412063   4000 228114.594912 0 232256.501611 232131.284308 232256.501611   2000 232264.676925 1
16   7.00 1 243087.918955 242831.449745 243087.918955   4000 243098.165366 0 247654.944567 247115.329009 247654.944567   5500 247664.864402 1
17   7.50 1 262956.405595 262231.763297 262956.405595   2000 262965.131405 1 265508.224557 264981.926665 265508.224557   6500 265515.160294 0
18   7.00 1 281328.371170 281082.084532 281328.371170   2500 281348.745617 1 284582.428271 283865.442551 284582.428271   4000 284598.844023 1
19   2.50 0 293525.950464 293165.611710 293525.950464   5000 293532.277318 1 299392.367932 298549.027345 299392.367932   3500 299399.018475 1
20   5.50 1 310761.312516 310499.207138 310761.312516   5500 310782.592586 0 316783.456505 316299.298502 316783.456505   5500 316799.346462 0
21   3.00 0 327708.360321 327366.148155 327708.360321   2000 327716.191736 1 330392.349967 329732.869903 330392.349967   2500 330399.524379 1
22   7.50 1 342758.895595 342466.410282 342758.895595   4000 342766.436684 0 347318.471867 346783.179974 347318.471867   6000 347333.205333 1
23   5.00 1 360242.397237 359900.025953 360242.397237   4000 360250.074987 0 364786.858609 364266.748343 364786.858609   2500 364800.079495 0
24   2.00 1 371660.918860 371366.891132 371660.918860   2000 371666.925874 0 374175.115144 373683.630027 374175.115144   3000 374183.567310 0
25   2.50 1 382145.862827 381750.433163 382145.862827   6500 382150.363356 0 389198.930190 388667.259509 389198.930190   2500 389217.232577 0
--------
12 :Total Won