
trial ITIJitter choice1 rts1 stim1ons_ms choice1ons_ms jitter2 jitter2_ms state rts2 stim2ons_ms choice2ons_ms jitter3 jitter3_ms won

1   3.50 1 19968.397810 18720.242180 19968.397810   4000 19987.405961 0 24843.877288 24003.711356 24843.877288   2000 24853.699278 0
2   2.00 1 31160.403171 30920.495356 31160.403171   4000 31170.471216 1 35593.536997 35187.210978 35593.536997   2000 35603.845965 1
3   3.50 1 43483.474053 43170.657281 43483.474053   2000 43504.037131 0 46020.603178 45520.740641 46020.603178   2000 46037.377907 0
4   4.00 1 54406.929448 54104.139017 54406.929448   5500 54420.855777 0 60512.500204 59937.580942 60512.500204   3000 60520.968411 0
5   3.50 0 69425.897499 69087.746684 69425.897499   8000 69437.729313 1 78003.508289 77454.687861 78003.508289   7500 78021.208210 1
6   3.00 0 90869.504223 90588.077592 90869.504223   3000 90888.143452 1 94484.860238 93904.854341 94484.860238   6500 94504.799035 1
7   5.50 1 108961.892590 108571.744607 108961.892590   3000 108971.740565 1 112663.346367 111988.557639 112663.346367   2500 112671.759396 1
8   4.00 1 121473.322278 121238.561730 121473.322278   3500 121488.577690 0 125505.059526 125005.289702 125505.059526   5500 125521.978616 0
9   2.00 1 135404.339294 135088.800198 135404.339294   2500 135422.142514 0 138481.303828 137938.848109 138481.303828   7500 138488.849730 0
10   2.00 1 150303.869608 150055.721677 150303.869608   5000 150322.378271 0 155862.305429 155339.190212 155862.305429   3000 155872.472282 0
11   3.50 0 165735.240308 164439.286806 165735.240308   6000 165739.307754 1 172175.834061 171756.060348 172175.834061   6000 172189.406545 1
12   8.00 1 188528.890292 188256.334794 188528.890292   2500 188539.648382 0 191785.835572 191056.373547 191785.835572   3000 191806.390308 0
13   4.50 1 201901.248528 201373.276692 201901.248528   5500 201906.559724 0 208092.315865 207423.299004 208092.315865   6500 208106.700620 0
14   3.50 0 220964.214554 220173.524929 220964.214554   2500 220973.525186 0 223935.433815 223490.318360 223935.433815   3500 223940.293001 1
15   7.00 0 236580.386367 236007.602370 236580.386367   4500 236590.484568 1 241928.275764 241107.282555 241928.275764   5500 241940.542906 0
16   5.00 0 255144.868341 254507.447896 255144.868341   2000 255157.405277 1 257676.829348 257174.143435 257676.829348   3000 257690.787437 0
17   3.50 1 266542.184962 266257.593299 266542.184962   5500 266557.644082 1 272644.318647 272074.432125 272644.318647   3000 272657.724636 0
18   2.00 0 280120.145426 279724.480934 280120.145426   4500 280124.468872 1 285257.184277 284641.243441 285257.184277   3500 285274.563396 1
19   2.00 1 293375.132852 292841.362201 293375.132852   2000 293391.377616 0 296023.193974 295408.058671 296023.193974   4500 296041.441504 1
20   4.00 1 306394.845805 306108.272870 306394.845805   4500 306408.245377 0 311413.754828 310925.096938 311413.754828   2000 311425.025239 1
21   3.00 0 318304.405989 317991.786510 318304.405989   6500 318308.421145 1 325507.189971 324825.203092 325507.189971   3500 325525.209090 0
22   4.00 1 335471.255352 335092.050241 335471.255352   3500 335475.392733 1 339442.116278 338992.110199 339442.116278   5000 339458.771669 1
23   4.00 1 350961.212811 350558.987601 350961.212811   8000 350975.635099 0 359475.237465 358992.437096 359475.237465   7500 359492.476715 1
24   7.00 1 375934.317104 375559.397585 375934.317104   2500 375942.704148 1 378771.130656 378459.404611 378771.130656   2000 378776.119767 0
25   2.00 1 385284.059452 384842.847514 385284.059452   3000 385292.865784 0 388821.717900 388309.574107 388821.717900   3000 388842.913599 1
--------
12 :Total Won