
trial ITIJitter choice1 rts1 stim1ons_ms choice1ons_ms jitter2 jitter2_ms state rts2 stim2ons_ms choice2ons_ms jitter3 jitter3_ms won

1   4.50 1 19443.650674 17953.655040 19443.650674   4500 19470.566591 0 24456.765695 23986.994372 24456.765695   2000 24470.370902 1
2   5.00 1 33325.229878 33037.151742 33325.229878   3500 33337.209582 0 37302.620406 36853.854226 37302.620406   6500 37320.558041 1
3   3.00 1 48958.584481 48387.428545 48958.584481   8000 48970.771423 0 57461.773733 56987.552567 57461.773733   3000 57470.851783 1
4   3.00 0 65484.221842 65037.692613 65484.221842   2000 65504.385201 1 68010.238070 67521.043158 68010.238070   3500 68021.067699 0
5   3.00 0 76897.659397 76587.827687 76897.659397   2500 76904.700036 1 80064.610776 79421.254534 80064.610776   3000 80071.226351 0
6   4.50 1 89999.668932 89638.039593 89999.668932   2000 90004.716108 0 92684.126949 92021.514255 92684.126949   4000 92704.787550 0
7   5.00 1 103838.686393 103771.604160 103838.686393   4000 103854.973824 1 108671.694915 107871.668352 108671.694915   6000 108688.412220 0
8   3.00 1 120121.820011 119755.231396 120121.820011   3500 120138.555923 0 124221.863672 123655.378932 124221.863672   3500 124238.647384 1
9   2.50 1 132791.252311 131805.397427 132791.252311   2500 132805.441056 0 135855.678305 135322.172637 135855.678305   8000 135872.131269 1
10   4.00 0 151015.620804 149439.020540 151015.620804   7000 151022.404160 1 158527.714553 158039.143921 158527.714553   4500 158539.199259 0
11   4.00 1 169567.562955 169106.029182 169567.562955   6500 169572.728827 0 176586.552820 176089.521039 176586.552820   3000 176606.161192 1
12   2.00 1 186147.672791 183172.914443 186147.672791   2000 186156.364917 0 188781.540356 188172.966092 188781.540356   3000 188789.656322 0
13   2.50 0 197343.163664 196356.459618 197343.163664   3500 197356.450635 1 201312.435659 200873.186707 201312.435659   3000 201323.186050 0
14   7.50 0 214578.602067 213890.067622 214578.602067   3000 214590.106663 1 218132.115826 217606.790284 218132.115826   2000 218140.161216 0
15   4.00 1 226610.474373 226206.916873 226610.474373   7500 226623.583299 0 234690.532399 234140.503511 234690.532399   2000 234707.051449 1
16   3.00 1 241880.574132 241273.853141 241880.574132   2500 241890.552995 1 245120.434468 244407.223303 245120.434468   4500 245140.600073 0
17   8.00 1 260115.607042 259707.457263 260115.607042   2000 260124.134597 1 262747.593745 262140.823030 262747.593745   4000 262757.521921 1
18   2.50 0 271669.493893 271324.335804 271669.493893   6500 271674.372327 1 278703.381155 278191.095567 278703.381155   4000 278707.759780 1
19   3.50 0 288644.594858 288274.591948 288644.594858   4500 288657.966200 1 293652.376227 293174.754883 293652.376227   3000 293658.002450 1
20   2.00 0 302226.573044 300774.833030 302226.573044   3500 302241.567643 1 306260.142391 305758.329700 306260.142391   3000 306274.877141 1
21   2.00 0 313758.134011 313341.680918 313758.134011   2500 313775.032569 1 316878.486996 316291.701915 316878.486996   3500 316891.777817 1
22   3.50 0 326361.589560 325958.542135 326361.589560   3500 326375.236150 1 330288.268052 329891.920252 330288.268052   2000 330308.601756 1
23   3.50 0 340630.072158 337875.467609 340630.072158   4000 340642.138157 1 345007.461851 344659.097668 345007.461851   4000 345025.566303 1
24   3.50 0 356402.365079 354592.343294 356402.365079   6500 356409.012735 1 363394.330597 362925.793720 363394.330597   6000 363409.152284 1
25   4.00 0 376898.547056 375476.064493 376898.547056   2500 376909.354550 1 380044.511257 379426.062391 380044.511257   2000 380059.420844 1
--------
16 :Total Won