
trial ITIJitter choice1 rts1 stim1ons_ms choice1ons_ms jitter2 jitter2_ms state rts2 stim2ons_ms choice2ons_ms jitter3 jitter3_ms won

1   2.50 1 19332.844431 18874.627749 19332.844431   4500 19358.409772 1 24449.339453 23874.721745 24449.339453   2500 24458.127820 0
2   3.50 1 33013.216715 32541.539188 33013.216715   2000 33024.852519 1 36378.104760 35041.672802 36378.104760   7000 36391.572664 0
3   7.50 0 53441.155477 52958.513584 53441.155477   5500 53458.518556 1 59470.864615 58975.287671 59470.864615   3000 59491.979152 0
4   3.00 0 67877.422896 67558.764643 67877.422896   3500 67892.118829 1 71918.377743 71408.866771 71918.377743   2500 71925.515264 0
5   5.00 0 81965.859625 81508.973309 81965.859625   5000 81975.646969 1 87138.309868 86992.443833 87138.309868   6000 87142.399129 0
6   3.50 1 99929.331202 98709.246376 99929.331202   3500 99942.601170 0 104758.169299 103459.447598 104758.169299   3000 104776.054644 1
7   2.00 1 112029.430682 111342.858902 112029.430682   3500 112042.835388 0 115862.378252 115559.677645 115862.378252   3000 115876.229192 1
8   2.50 0 124213.797431 122943.461544 124213.797431   4500 124226.384733 1 129511.836786 128743.178870 129511.836786   3000 129526.414985 0
9   3.00 1 138075.221939 137593.223574 138075.221939   3000 138093.225659 0 142042.967558 141110.033751 142042.967558   3000 142059.959149 1
10   4.50 0 151505.081982 151126.751698 151505.081982   3000 151510.111835 0 155238.765118 154526.835877 155238.765118   2500 155243.504003 1
11   8.00 0 167868.776644 167310.402096 167868.776644   2000 167877.033763 1 170344.840175 169893.756522 170344.840175   2500 170360.479265 0
12   2.50 1 177858.801632 177427.220807 177858.801632   3500 177877.286876 0 183040.809524 181393.923820 183040.809524   5500 183060.653685 1
13   3.00 0 193689.116059 193127.445272 193689.116059   5000 193694.131155 1 199255.310153 198710.952400 199255.310153   2500 199260.917448 1
14   2.00 0 206267.316803 205827.653697 206267.316803   4500 206277.708217 1 212935.228823 210794.509091 212935.228823   2500 212944.495184 0
15   7.00 0 224965.140067 224511.292386 224965.140067   2500 224978.009995 1 229090.778262 227494.700514 229090.778262   7000 229111.839814 1
16   5.00 0 243593.722742 243178.276646 243593.722742   7500 243611.591084 1 252138.045207 251128.443286 252138.045207   4000 252145.129474 1
17   2.50 0 261080.760262 260711.902294 261080.760262   3000 261095.230029 1 264652.160007 264111.994813 264652.160007   4000 264661.977827 1
18   4.50 1 275683.166468 275228.792030 275683.166468   3500 275695.447725 0 279568.380358 279212.194063 279568.380358   3500 279578.907470 1
19   2.00 1 287473.959712 286695.677740 287473.959712   2000 287478.979940 0 290484.136830 289495.674468 290484.136830   4000 290495.682809 0
20   2.00 1 300237.012257 298562.489474 300237.012257   5500 300245.872162 1 306301.766752 305762.628124 306301.766752   4000 306312.643859 1
21   2.00 1 315391.689115 314379.411065 315391.689115   4000 315396.096290 1 320101.144653 319412.954428 320101.144653   2500 320112.832427 1
22   2.00 1 327168.175558 326679.628024 327168.175558   5500 327179.607332 0 333414.135620 332696.456968 333414.135620   3000 333429.797808 0
23   2.50 0 341345.024315 340996.518979 341345.024315   7500 341363.186512 1 349439.653803 348879.967496 349439.653803   2000 349446.645359 1
24   5.50 1 359262.731262 359013.471111 359262.731262   2000 359280.164276 0 361743.365256 361297.059947 361743.365256   2000 361763.528936 1
25   3.50 1 369411.116233 368830.292292 369411.116233   6000 369430.308204 0 376058.314077 375447.064647 376058.314077   5000 376063.772841 0
--------
14 :Total Won