
trial ITIJitter choice1 rts1 stim1ons_ms choice1ons_ms jitter2 jitter2_ms state rts2 stim2ons_ms choice2ons_ms jitter3 jitter3_ms won

1   4.50 0 22499.333213 21347.594900 22499.333213   2000 22514.692564 1 24980.829844 24530.909739 24980.829844   5000 24997.657505 1
2   4.50 1 36843.729398 36564.478766 36843.729398   2000 36847.758991 0 39512.805608 38864.468917 39512.805608   4500 39531.143604 0
3   6.00 1 52584.850646 52098.081958 52584.850646   6000 52598.028224 0 59121.772212 58614.795895 59121.772212   3000 59131.497320 0
4   4.50 0 69111.947014 68698.288105 69111.947014   4500 69131.644247 1 74197.723975 73648.491317 74197.723975   6500 74215.033801 1
5   2.00 1 85161.725837 84781.883614 85161.725837   2000 85181.931862 1 88807.836163 87198.933398 88807.836163   3500 88815.450716 1
6   4.00 0 98649.309362 98382.189851 98649.309362   5000 98665.463339 1 103992.677056 103682.364143 103992.677056   7000 103998.910236 1
7   8.00 0 121413.638698 121065.805442 121413.638698   5500 121432.493827 0 127305.716785 126949.231182 127305.716785   2000 127315.960951 1
8   6.00 1 137179.248355 136882.731846 137179.248355   7000 137199.433528 0 144509.213269 144216.166553 144509.213269   3000 144516.181406 0
9   7.00 1 156832.697344 156583.072762 156832.697344   4000 156849.732563 0 161758.706321 160866.463663 161758.706321   3000 161766.456573 0
10   3.50 0 171156.559644 170333.267248 171156.559644   2000 171166.610045 1 174286.662759 173183.363922 174286.662759   4500 174300.029289 1
11   4.00 0 185536.249486 184866.831302 185536.249486   2000 185550.253449 1 188201.627171 187566.868098 188201.627171   2500 188216.927495 1
12   4.50 1 198234.649230 197283.741217 198234.649230   5500 198250.445834 0 204844.725488 203767.230348 204844.725488   3500 204850.492864 0
13   5.00 1 215695.663304 215417.341072 215695.663304   2000 215700.699252 1 218207.083690 217717.490662 218207.083690   4000 218217.370201 0
14   5.50 0 230155.610712 229784.233166 230155.610712   2000 230167.578225 1 232718.144777 232184.347180 232718.144777   4000 232734.294584 0
15   3.00 0 242219.591754 241801.107023 242219.591754   3000 242234.464448 1 245675.766853 245251.281844 245675.766853   2500 245684.556823 0
16   2.00 1 253795.669111 252251.272220 253795.669111   2500 253801.298221 0 256815.409974 256317.979757 256815.409974   2000 256834.656481 1
17   2.50 0 263307.258880 262901.456408 263307.258880   6500 263318.153952 1 270329.534077 269834.946485 270329.534077   7500 270334.871258 0
18   5.50 0 285758.711455 285418.511999 285758.711455   6000 285768.475380 1 292264.639712 291785.228935 292264.639712   4000 292268.567289 0
19   2.00 1 301068.133180 300335.383257 301068.133180   3000 301085.409322 0 304848.588263 304102.145234 304848.588263   2000 304868.811612 1
20   2.00 0 311368.195512 310435.545294 311368.195512   2500 311385.614732 1 314452.627030 313902.293060 314452.627030   2000 314468.966110 0
21   8.00 1 326964.573852 326535.788815 326964.573852   2500 326969.179925 0 329969.489498 329485.963155 329969.489498   4000 329985.842052 1
22   3.00 0 339070.559084 338602.707119 339070.559084   2000 339085.995748 0 341721.629006 341102.728131 341721.629006   5000 341736.056749 1
23   5.00 1 353847.453587 353319.563876 353847.453587   7500 353852.928712 1 361889.426660 361369.758459 361889.426660   2500 361903.024488 0
24   3.00 1 369804.708986 369469.836446 369804.708986   2000 369819.833510 0 372800.093289 371836.537021 372800.093289   2000 372819.865270 1
25   3.00 0 379782.528746 379386.682681 379782.528746   8000 379786.645917 1 388311.623389 387803.581688 388311.623389   2000 388320.180136 0
--------
12 :Total Won