
trial ITIJitter choice1 rts1 stim1ons_ms choice1ons_ms jitter2 jitter2_ms state rts2 stim2ons_ms choice2ons_ms jitter3 jitter3_ms won

1   2.00 1 20110.634614 18287.715952 20110.634614   6500 20138.228705 0 27016.330739 26654.542923 27016.330739   7000 27037.844032 0
2   4.00 0 40671.708709 40104.741804 40671.708709   6000 40688.110346 1 47212.546624 46704.961746 47212.546624   6500 47221.535172 1
3   6.00 0 62202.362449 61788.434708 62202.362449   3000 62221.758129 1 65696.480708 65238.482813 65696.480708   2500 65705.185987 1
4   4.00 0 74796.450905 74271.950787 74796.450905   2500 74805.289317 1 77922.010183 77322.017690 77922.010183   6000 77938.694767 1
5   3.50 0 89942.475416 89505.555486 89942.475416   2000 89955.540713 0 92566.543447 91972.268605 92566.543447   2000 92572.289649 0
6   3.00 0 100011.976175 99639.067121 100011.976175   2500 100022.471207 0 103163.538047 102539.076072 103163.538047   6500 103172.474303 0
7   5.50 0 117593.975534 117239.308877 117593.975534   4500 117606.028701 1 122598.605667 122122.755791 122598.605667   2500 122606.096069 1
8   3.50 0 131121.321486 130672.871295 131121.321486   2000 131139.551692 1 133690.570254 133156.286642 133690.570254   3500 133706.295319 1
9   2.50 0 142266.265215 141773.060921 142266.265215   6500 142273.041513 1 149220.405308 148789.826347 149220.405308   2000 149239.851353 1
10   4.50 0 158880.934393 157807.120454 158880.934393   2500 158889.997366 0 161934.927590 161406.689809 161934.927590   6000 161940.078064 0
11   5.00 0 175440.595036 175006.955626 175440.595036   2000 175456.925454 1 178022.306315 177473.737396 178022.306315   2500 178040.301695 1
12   6.00 0 189794.294154 188607.177492 189794.294154   3000 189807.184935 1 193210.391798 192823.864706 193210.391798   2500 193223.913597 1
13   2.50 0 201225.248774 200290.660592 201225.248774   3000 201240.703403 1 204567.964920 204257.386062 204567.964920   6500 204574.075874 1
14   2.00 0 216514.423412 215140.907722 216514.423412   3500 216524.272670 1 220436.945594 220041.011950 220436.945594   2000 220457.645334 1
15   2.00 0 226897.593954 226557.753797 226897.593954   3000 226907.832987 1 230470.549267 229924.593921 230470.549267   7500 230491.173298 1
16   4.00 0 244321.378653 244058.035621 244321.378653   3000 244341.399896 1 247765.519191 247358.207346 247765.519191   2500 247774.706635 0
17   2.50 1 255180.311492 254841.573289 255180.311492   7000 255191.535066 0 262558.402779 262208.383579 262558.402779   3000 262575.045337 1
18   2.00 1 270679.968715 269141.769716 270679.968715   3000 270691.851858 0 274197.411835 273708.503078 274197.411835   2000 274208.545584 1
19   3.00 1 281119.230499 280775.300760 281119.230499   7500 281125.280822 0 289074.392025 288642.199430 289074.392025   4000 289092.142632 1
20   7.50 1 302468.562221 302159.127984 302468.562221   4500 302475.662849 1 307788.529024 306992.374861 307788.529024   5000 307809.096272 0
21   3.50 1 318730.200511 318376.185724 318730.200511   2000 318742.561969 0 321076.270319 320759.379685 321076.270319   2000 321092.612928 1
22   3.50 1 329302.389749 328159.383663 329302.389749   7500 329309.401836 1 337731.491738 336826.197577 337731.491738   3500 337742.925758 0
23   7.50 1 351221.859502 350809.766428 351221.859502   2000 351226.456272 0 353635.865519 353243.188013 353635.865519   4500 353643.188783 1
24   4.50 1 364618.846660 364210.023839 364618.846660   2000 364626.629313 0 367032.342280 366643.359450 367032.342280   3000 367043.380430 1
25   3.50 1 375726.922558 375110.138975 375726.922558   2000 375743.554850 1 378383.918652 377760.180406 378383.918652   5000 378393.575430 1
--------
18 :Total Won