
trial ITIJitter choice1 rts1 stim1ons_ms choice1ons_ms jitter2 jitter2_ms state rts2 stim2ons_ms choice2ons_ms jitter3 jitter3_ms won

1   3.50 1 18920.691045 18566.044279 18920.691045   3500 18933.121155 1 22911.472804 22449.428315 22911.472804   3000 22932.734910 1
2   4.00 0 32299.493550 31999.610547 32299.493550   2000 32316.262184 0 34670.515968 34332.951258 34670.515968   6500 34682.956343 0
3   4.00 1 47766.370278 47249.837273 47766.370278   6000 47783.186069 1 54108.555497 53799.937700 54108.555497   3000 54116.643553 1
4   3.50 1 63180.117728 62683.402257 63180.117728   3500 63200.052676 1 67215.618944 66716.847134 67215.618944   2500 67233.461622 1
5   5.00 1 77183.676703 76800.311434 77183.676703   3500 77200.316054 1 81227.474818 80717.034802 81227.474818   4500 81233.731416 1
6   4.00 1 92166.472742 91800.598231 92166.472742   2000 92183.894849 1 94591.154723 94200.602530 94591.154723   3500 94600.609074 1
7   2.50 1 102960.430375 102667.446215 102960.430375   2500 102967.408136 1 106045.132650 105484.141642 106045.132650   6500 106050.760798 0
8   2.00 0 116891.556784 116617.774219 116891.556784   8000 116900.940559 0 125316.483858 124917.777523 125316.483858   8000 125334.449082 0
9   2.00 0 137786.050829 137401.337231 137786.050829   3000 137801.274482 0 141238.681710 140818.031245 141238.681710   6000 141251.351137 0
10   2.00 1 151564.623768 151318.233511 151564.623768   2000 151568.173120 1 153991.401227 153584.918977 153991.401227   2000 154001.576741 1
11   7.00 1 165473.597206 165068.468097 165473.597206   2000 165485.071005 1 167888.612144 167501.800500 167888.612144   5500 167901.773360 1
12   4.00 1 179811.521214 179468.644666 179811.521214   4500 179818.638202 1 184651.527707 184335.495537 184651.527707   6000 184668.719798 1
13   2.00 1 195050.475605 194735.617891 195050.475605   3500 195068.876478 0 199154.513569 198585.616400 199154.513569   4500 199169.017342 1
14   2.00 0 207535.683913 207235.805721 207535.683913   2000 207552.440997 0 209954.040323 209569.227917 209954.040323   2000 209969.131804 1
15   7.00 0 220843.059564 220552.729077 220843.059564   3500 220852.645123 0 224702.016143 224369.433166 224702.016143   6500 224719.372807 1
16   3.00 0 236123.294737 235786.254859 236123.294737   3500 236136.256094 0 240000.325293 239653.412964 240000.325293   2000 240019.665153 1
17   4.50 0 248416.562486 248086.495236 248416.562486   3500 248436.444181 1 252442.623466 251953.335521 252442.623466   6000 252453.206398 0
18   2.50 1 263282.522491 263020.045624 263282.522491   5000 263286.699651 1 268681.583632 268303.468285 268681.583632   6500 268686.754958 0
19   2.50 0 280356.525703 279753.642464 280356.525703   8000 280370.282969 0 288789.572592 288387.128596 288789.572592   6500 288803.769037 1
20   5.00 0 302287.709857 301870.736423 302287.709857   5000 302304.009478 0 307848.991832 307320.733840 307848.991832   5000 307854.073013 1
21   2.00 0 316812.009795 316420.900048 316812.009795   2000 316820.886061 0 319149.545953 318837.660790 319149.545953   2000 319154.291895 1
22   2.50 0 325617.997497 325221.052365 325617.997497   4000 325637.741568 1 330146.954836 329654.466572 330146.954836   2500 330154.483735 0
23   4.50 0 339473.997245 339221.257357 339473.997245   3500 339487.927424 0 343351.954277 343004.678254 343351.954277   4500 343371.377224 1
24   2.00 0 351862.019595 351438.161754 351862.019595   6000 351871.455340 0 358206.448181 357888.288775 358206.448181   4000 358221.542229 0
25   2.50 0 367094.470370 366788.474167 367094.470370   2500 367105.035658 0 369985.203656 369621.766277 369985.203656   6000 370005.113902 1
--------
17 :Total Won