
trial ITIJitter choice1 rts1 stim1ons_ms choice1ons_ms jitter2 jitter2_ms state rts2 stim2ons_ms choice2ons_ms jitter3 jitter3_ms won

1   7.00 1 22946.255745 22534.289387 22946.255745   3500 22968.010602 1 26962.416780 26484.378072 26962.416780   4000 26984.321772 1
2   3.00 1 36387.434961 36067.830022 36387.434961   4500 36401.186454 1 41205.918538 40917.909693 41205.918538   2500 41217.944115 0
3   2.50 0 48871.435130 48284.679883 48871.435130   5000 48884.732687 0 54243.885757 53901.477902 54243.885757   5500 54251.405032 1
4   3.50 1 65355.203037 64818.322533 65355.203037   3500 65368.251011 1 69289.226607 68885.030712 69289.226607   2000 69301.736276 0
5   2.00 0 76112.464788 75368.457286 76112.464788   3000 76118.501316 0 79464.888398 79135.246211 79464.888398   5000 79485.316739 0
6   6.50 1 93394.294026 93052.117469 93394.294026   6000 93402.104909 0 99862.459735 99418.920059 99862.459735   4000 99868.852995 1
7   5.00 1 110782.265689 110435.748362 110782.265689   4000 110802.383814 1 115205.488984 114819.136728 115205.488984   3000 115219.149689 0
8   2.00 0 122661.128344 122285.956033 122661.128344   2500 122669.259387 0 125537.313907 125185.970437 125537.313907   3500 125552.611343 1
9   3.00 0 133885.217739 133619.509115 133885.217739   4000 133902.752769 0 138362.824968 137919.544179 138362.824968   5500 138369.444073 1
10   2.00 0 147799.129279 147436.354356 147799.129279   4500 147803.029588 1 152822.303684 152319.760207 152822.303684   6500 152836.411267 0
11   3.00 1 164924.877831 164403.347054 164924.877831   4000 164936.580361 1 169388.032615 168953.643812 169388.032615   5500 169403.334864 0
12   3.50 0 180856.191909 180470.263753 180856.191909   4000 180870.173095 0 185385.259283 184886.956806 185385.259283   6500 185403.595996 1
13   3.50 0 197407.155613 196970.527613 197407.155613   4500 197420.467607 1 202366.263322 201937.238005 202366.263322   2500 202370.571691 0
14   2.00 1 210011.354461 208937.377233 210011.354461   4500 210020.690115 1 214888.874880 214537.446719 214888.874880   2000 214904.100778 0
15   3.00 1 222255.291546 221970.932144 222255.291546   3500 222270.843378 1 226186.837244 225787.629816 226186.837244   5500 226204.262238 0
16   2.00 0 236233.399065 235771.136752 236233.399065   3000 236237.810412 0 239612.203495 239254.516489 239612.203495   3000 239621.206157 0
17   5.50 1 250801.138462 250188.041533 250801.138462   8000 250821.375284 1 259193.797360 258838.206153 259193.797360   2500 259204.811129 0
18   5.50 0 269517.194177 269271.679067 269517.194177   3000 269521.639207 0 273877.814916 272538.411049 273877.814916   3500 273888.432495 1
19   2.50 1 282009.283043 281455.238678 282009.283043   2000 282021.856872 1 284707.245534 284038.588613 284707.245534   2500 284721.908103 1
20   3.00 1 292624.309594 292288.745726 292624.309594   3000 292638.742149 1 295963.324008 295655.432827 295963.324008   4000 295972.092164 1
21   3.00 1 305457.744782 305038.973254 305457.744782   2500 305472.284485 0 308488.268757 307988.984306 308488.268757   2500 308505.678032 0
22   7.50 1 320883.138302 320572.581579 320883.138302   2000 320889.180284 1 323412.137024 322905.901118 323412.137024   4000 323422.562764 1
23   4.00 1 334147.185173 333539.370247 334147.185173   2500 334156.100897 0 337186.302467 336672.784037 337186.302467   4000 337206.125134 1
24   2.00 1 345208.283168 344772.921693 345208.283168   2000 345222.900825 1 347722.811161 347239.697048 347722.811161   7000 347739.596156 1
25   2.00 1 359308.121195 358806.549747 359308.121195   4000 359323.183163 0 363600.310408 363339.891165 363600.310408   5000 363606.536530 0
--------
12 :Total Won