
trial ITIJitter choice1 rts1 stim1ons_ms choice1ons_ms jitter2 jitter2_ms state rts2 stim2ons_ms choice2ons_ms jitter3 jitter3_ms won

1   6.00 0 20343.060688 19948.884396 20343.060688   3500 20365.952145 0 24238.658933 23882.409761 24238.658933   8000 24248.940311 1
2   3.50 0 38511.494491 37315.853482 38511.494491   8000 38515.862529 0 46970.587924 46532.720345 46970.587924   8000 46982.708780 1
3   3.00 0 59958.362486 59549.515926 59958.362486   7500 59966.240738 1 68141.072935 67483.069843 68141.072935   2500 68149.655988 0
4   2.00 0 75813.541945 74716.458001 75813.541945   5000 75833.162827 1 81294.015217 80849.919591 81294.015217   3000 81299.868247 0
5   2.00 0 88623.583941 88366.697047 88623.583941   3000 88633.364547 0 92134.487194 91650.086665 92134.487194   5000 92150.046725 1
6   5.50 0 104508.426342 104216.987805 104508.426342   2000 104516.919891 1 107275.573602 106533.725097 107275.573602   4500 107283.637918 0
7   5.50 0 119630.942814 119350.513556 119630.942814   4500 119650.555677 0 125162.439301 124167.272822 125162.439301   4000 125167.270897 0
8   4.50 0 136170.008620 135734.126484 136170.008620   2000 136184.142187 0 138680.450881 138200.843132 138680.450881   5000 138700.806399 1
9   3.00 0 148601.450858 148267.665836 148601.450858   3000 148617.643973 0 151959.523148 151634.388868 151959.523148   7000 151968.182857 1
10   4.00 0 164818.417170 164534.594470 164818.417170   2500 164834.575959 0 167879.318193 167351.286367 167879.318193   2000 167884.618482 1
11   2.50 0 174662.881205 173951.390500 174662.881205   4000 174668.055739 0 178986.329991 178684.825655 178986.329991   7500 179001.513543 1
12   5.00 0 193336.306846 193068.385652 193336.306846   8000 193351.741906 1 201721.981567 201368.563151 201721.981567   5500 201735.192830 0
13   4.00 0 213689.556520 213302.099744 213689.556520   4000 213702.071321 0 218092.353720 217718.775153 218092.353720   4000 218102.118608 0
14   6.00 0 230597.590650 230168.996811 230597.590650   4000 230602.322156 0 234927.365328 234619.089186 234927.365328   3000 234935.754296 1
15   8.00 0 248024.893903 247502.613733 248024.893903   3500 248035.952905 0 251894.949584 251552.710471 251894.949584   3000 251902.657811 1
16   3.00 0 260016.397145 259469.484526 260016.397145   2000 260036.158218 1 262558.429085 262052.871353 262558.429085   3000 262569.506693 0
17   5.00 0 272890.919992 272636.370140 272890.919992   6000 272903.035716 0 279282.555212 278919.831617 279282.555212   3500 279286.902114 1
18   6.00 0 290809.923941 290386.674340 290809.923941   7000 290819.959265 0 298256.592719 297836.756129 298256.592719   5000 298270.080832 0
19   5.00 0 310653.371996 310337.065542 310653.371996   5000 310670.310013 1 316223.351872 315687.073514 316223.351872   5500 316237.040487 1
20   3.00 1 327167.906726 326803.944195 327167.906726   6500 327187.176010 1 333924.408176 333704.034308 333924.408176   2000 333937.363439 1
21   8.00 1 346286.906569 346004.241642 346286.906569   6000 346304.241097 1 352892.303932 352321.023204 352892.303932   2000 352904.309299 1
22   5.00 1 362307.302509 361971.192956 362307.302509   4000 362321.159544 1 366623.340131 366337.928178 366623.340131   2500 366638.001738 0
23   7.50 1 378981.194274 378704.797816 378981.194274   4500 378988.026392 0 384056.416855 383504.830794 384056.416855   2000 384071.545229 1
24   4.50 1 392620.115110 392138.329437 392620.115110   2000 392638.332485 1 395129.205512 394655.102081 395129.205512   5500 395138.364726 1
25   4.00 1 406967.350392 406705.254959 406967.350392   4500 406971.877869 0 412375.898285 411488.633830 412375.898285   2000 412388.609096 0
--------
15 :Total Won