
trial ITIJitter choice1 rts1 stim1ons_ms choice1ons_ms jitter2 jitter2_ms state rts2 stim2ons_ms choice2ons_ms jitter3 jitter3_ms won

1   3.50 1 18808.994578 16965.584699 18808.994578   2500 18832.579289 1 21705.743219 21348.997126 21705.743219   3000 21715.669470 1
2   2.50 1 30443.744990 29282.421759 30443.744990   7000 30449.098210 0 37997.231801 37465.892828 37997.231801   2000 38015.885787 0
3   2.50 0 44897.713293 44582.699349 44897.713293   2500 44916.027870 0 47872.031821 47432.717747 47872.031821   4500 47882.744037 1
4   2.00 0 56374.118156 55949.514771 56374.118156   5000 56382.829530 0 61659.098630 61399.642756 61659.098630   2000 61666.254436 1
5   3.50 1 69094.176837 68733.044420 69094.176837   2000 69099.751411 1 71439.676901 71116.461979 71439.676901   2000 71449.747192 0
6   5.00 0 80827.730369 80516.587541 80827.730369   3500 80833.203569 0 84798.125812 84350.003802 84798.125812   3500 84816.658855 0
7   5.50 0 96165.263319 95883.522623 96165.263319   3000 96183.519190 0 99553.078431 99200.254781 99553.078431   3000 99566.911407 1
8   4.50 0 109099.705857 108633.747264 109099.705857   3500 109117.079523 0 113102.115079 112633.802442 113102.115079   2000 113117.058671 0
9   4.50 0 121998.005575 121683.957245 121998.005575   2000 122017.220644 0 124909.069678 124033.987352 124909.069678   3500 124917.339950 0
10   4.00 1 134694.670744 134484.169231 134694.670744   3500 134700.862540 0 138771.075800 138217.639354 138771.075800   8000 138784.228996 0
11   2.50 0 151625.237354 151351.122117 151625.237354   2500 151634.425118 0 154631.171225 154151.147397 154631.171225   3500 154651.152048 0
12   2.00 1 162602.664773 162217.965289 162602.664773   5000 162617.990440 1 167982.036380 167634.692988 167982.036380   3500 168001.343840 1
13   4.00 1 177962.059407 177568.219957 177962.059407   3500 177968.247354 0 181963.648017 181484.955837 181963.648017   8000 181984.967546 0
14   7.50 0 200234.922233 199551.909429 200234.922233   2500 200251.922165 1 203992.047002 202768.637706 203992.047002   3500 204001.935077 0
15   3.50 0 213432.196123 213068.827075 213432.196123   6000 213452.091612 0 219962.920118 219468.898742 219962.920118   2000 219968.848216 0
16   3.00 0 227335.616480 227035.702038 227335.616480   3000 227352.364262 0 230994.661858 230369.093758 230994.661858   4000 231002.384841 0
17   5.50 1 243045.245893 242569.282453 243045.245893   5500 243052.594501 1 248873.627810 248569.443496 248873.627810   4500 248885.988306 0
18   2.00 1 257738.934341 257452.880464 257738.934341   2500 257752.849442 0 260667.083389 260269.688813 260667.083389   2000 260686.216331 1
19   5.00 1 269668.985102 269253.049463 269668.985102   3500 269686.403680 1 273725.600854 273203.083291 273725.600854   4000 273736.411556 1
20   3.00 1 283075.539854 282803.305158 283075.539854   2000 283086.632219 1 285688.016672 285103.304291 285688.016672   2500 285703.325657 0
21   2.00 1 292771.926566 292270.100723 292771.926566   5500 292786.760444 1 298693.136990 298303.517689 298693.136990   4500 298703.491832 1
22   2.00 1 308827.079462 307270.371800 308827.079462   8000 308837.002184 1 317443.118143 316853.827279 317443.118143   4000 317453.825867 0
23   5.00 0 328775.582745 328520.718828 328775.582745   4000 328787.297466 1 333549.592277 332804.088877 333549.592277   3500 333570.735365 0
24   7.50 1 346868.860374 346637.683182 346868.860374   3000 346887.670911 1 350349.160414 349904.379234 350349.160414   2500 350354.372802 0
25   4.50 0 359731.001553 359421.236249 359731.001553   2500 359737.876978 0 362918.048601 362254.580329 362918.048601   2000 362937.925163 1
--------
9 :Total Won