
trial ITIJitter choice1 rts1 stim1ons_ms choice1ons_ms jitter2 jitter2_ms state rts2 stim2ons_ms choice2ons_ms jitter3 jitter3_ms won

1   2.00 0 16837.871557 16429.160696 16837.871557   3000 16862.922925 0 20217.718271 19879.171266 20217.718271   2000 20229.189825 0
2   4.50 0 29378.659748 28796.037070 29378.659748   2000 29396.449301 0 31840.210844 31412.725376 31840.210844   4500 31846.004204 0
3   5.00 0 43866.647804 43412.896362 43866.647804   3000 43879.588309 1 47478.503870 46896.300802 47478.503870   4000 47496.304523 0
4   2.50 0 56350.635460 56063.100762 56350.635460   2000 56363.102782 0 58871.624403 58379.815917 58871.624403   5000 58879.764750 1
5   8.00 0 73694.665611 73446.762452 73694.665611   5500 73713.372850 0 79712.494174 79230.136832 79712.494174   3500 79730.178696 1
6   5.00 1 90468.678030 89797.000438 90468.678030   2500 90480.335328 1 93549.549931 92997.056001 93549.549931   2500 93563.747337 0
7   6.50 0 104987.247485 104630.587045 104987.247485   2000 104997.221214 0 107572.530251 107013.954881 107572.530251   5500 107580.562167 1
8   2.50 1 117581.633003 117147.457533 117581.633003   3500 117597.445968 1 121458.187168 121114.149319 121458.187168   2000 121464.177822 1
9   5.00 1 130805.744214 130530.997960 130805.744214   2000 130814.359026 1 133205.121665 132831.045535 133205.121665   3000 133214.842300 0
10   8.00 0 146700.547513 146281.263343 146700.547513   2500 146714.605050 1 149687.775749 149231.367427 149687.775749   7000 149697.938752 0
11   3.50 0 162696.486803 162264.866519 162696.486803   2500 162714.886393 0 165791.581454 165231.582044 165791.581454   2500 165798.235847 1
12   5.50 0 175902.149340 175365.074751 175902.149340   4000 175915.099149 0 180428.807493 179931.894088 180428.807493   5500 180448.474892 1
13   2.00 0 189822.615504 189515.308183 189822.615504   2500 189831.939930 0 192897.690516 192348.669587 192897.690516   3000 192915.321464 1
14   7.50 0 205213.682263 204982.251958 205213.682263   4500 205232.340420 0 210204.575019 209748.970948 210204.575019   2000 210215.654874 1
15   3.50 0 217884.192777 217282.489769 217884.192777   2000 217899.080550 0 220315.449914 219915.810045 220315.449914   4500 220332.942742 1
16   3.50 0 230112.727204 229899.306715 230112.727204   2500 230132.648999 0 233057.179080 232649.349141 233057.179080   6000 233065.981883 0
17   6.00 1 247425.578622 247132.954082 247425.578622   3000 247432.922739 1 250848.706960 250449.641969 250848.706960   3500 250866.311924 1
18   4.50 1 261223.497517 260966.481019 261223.497517   3500 261233.133762 0 265135.061749 264749.958376 265135.061749   5000 265149.853281 0
19   6.00 0 278527.148979 278216.802061 278527.148979   2000 278533.394350 0 280934.547440 280550.143414 280934.547440   5000 280950.110179 0
20   2.50 0 290813.601614 290517.432934 290813.601614   5500 290833.665203 0 296719.094351 296350.412182 296719.094351   3500 296733.726123 0
21   2.00 1 304642.415971 304300.531023 304642.415971   5500 304650.493441 1 310577.579351 310167.292390 310577.579351   3500 310583.954004 1
22   4.00 1 320390.105637 320150.817291 320390.105637   2500 320400.720007 1 323605.045123 322917.499709 323605.045123   4000 323617.561207 1
23   4.00 1 333950.702058 333684.354397 333950.702058   5000 333967.689158 1 339276.553010 338984.460679 339276.553010   2000 339284.392444 1
24   7.50 1 351254.492750 350851.266638 351254.492750   3000 351267.999791 1 354844.781949 354284.687903 354844.781949   2500 354851.332081 1
25   2.50 1 362288.502237 361918.161202 362288.502237   4500 362301.485409 1 367111.398443 366818.197421 367111.398443   2000 367118.227672 0
--------
14 :Total Won