
trial ITIJitter choice1 rts1 stim1ons_ms choice1ons_ms jitter2 jitter2_ms state rts2 stim2ons_ms choice2ons_ms jitter3 jitter3_ms won

1   6.50 1 53373.806336 52678.000276 53373.806336   3500 53395.091727 1 57528.228157 56961.398876 57528.228157   5500 57545.037853 1
2   2.00 1 69399.317141 67111.562373 69399.317141   5500 69412.031243 0 75474.334729 74928.468566 75474.334729   2500 75495.027091 1
3   2.50 0 82700.809287 82061.823008 82700.809287   5000 82712.228870 0 88237.850833 87728.602597 88237.850833   3500 88245.220935 1
4   6.50 1 100224.825636 99812.152231 100224.825636   3000 100245.434268 0 103741.230962 103262.139062 103741.230962   2000 103762.144676 1
5   2.50 1 110149.784309 109828.916694 110149.784309   5000 110162.262218 1 115885.185018 115179.069668 115885.185018   2000 115895.656953 0
6   2.00 0 122567.836278 121962.472920 122567.836278   3500 122579.158659 1 126668.826947 126095.817418 126668.826947   5000 126679.194942 0
7   6.00 0 144631.263616 139746.184142 144631.263616   2000 144646.182827 0 147257.189410 146662.883771 147257.189410   3000 147262.829749 1
8   4.00 1 156181.990570 155829.673466 156181.990570   4000 156196.337149 1 160448.342080 160213.091025 160448.342080   2000 160463.093832 0
9   5.50 0 170502.208881 170029.937871 170502.208881   5500 170513.265638 0 176423.145982 176030.030261 176423.145982   4000 176430.019804 1
10   4.00 1 186230.456992 185996.865445 186230.456992   4000 186246.830719 1 190615.089428 190263.576896 190615.089428   3000 190630.267206 0
11   4.50 0 200499.793564 200197.087504 200499.793564   4000 200513.732404 1 205009.196106 204530.517720 205009.196106   2000 205013.808274 1
12   3.00 0 212334.228050 212080.622638 212334.228050   3500 212347.252605 0 216212.365051 215864.001830 216212.365051   2500 216230.707859 1
13   7.50 0 228261.767574 227797.595205 228261.767574   6000 228280.884476 0 234726.237967 234297.611085 234726.237967   2000 234730.944450 1
14   3.00 0 241616.330611 241297.830193 241616.330611   5000 241631.071776 0 247071.174382 246647.932480 247071.174382   3500 247081.192061 1
15   5.00 0 257461.783357 257181.345437 257461.783357   4000 257481.314736 0 261929.047293 261498.106146 261929.047293   2000 261948.062181 1
16   7.00 0 272740.123875 272514.956584 272740.123875   4000 272748.286036 0 277154.049690 276764.955863 277154.049690   5500 277164.970747 1
17   7.50 0 292030.237500 291731.911347 292030.237500   2000 292048.536999 1 294973.296134 294065.271307 294973.296134   6500 294981.926666 1
18   7.00 0 310837.003788 310548.908007 310837.003788   2500 310848.898158 0 313801.101570 313365.631022 313801.101570   4000 313815.604059 0
19   2.50 1 322713.172669 322382.401259 322713.172669   5000 322732.370736 1 328091.109009 327749.213474 328091.109009   3500 328099.183591 1
20   5.50 1 339642.651119 339166.054737 339642.651119   5500 339649.389883 0 345428.330781 345166.138145 345428.330781   5500 345432.838368 0
21   3.00 0 356326.715512 355999.689464 356326.715512   2000 356332.928482 0 358688.971378 358349.783731 358688.971378   2500 358699.692896 0
22   7.50 1 371695.632507 370766.604464 371695.632507   4000 371699.857789 1 376043.648942 375716.640538 376043.648942   6000 376049.934092 1
23   5.00 0 389353.668001 389116.861377 389353.668001   4000 389366.821838 0 393733.005602 393383.585981 393733.005602   2500 393750.272120 0
24   2.00 1 400636.657578 400317.041090 400636.657578   2000 400650.407466 1 403163.193185 402667.081784 403163.193185   3000 403183.708142 0
25   2.50 0 411155.023965 410750.952104 411155.023965   6500 411167.141935 0 417965.031636 417683.997987 417965.031636   2500 417984.032409 0
--------
15 :Total Won