
trial ITIJitter choice1 rts1 stim1ons_ms choice1ons_ms jitter2 jitter2_ms state rts2 stim2ons_ms choice2ons_ms jitter3 jitter3_ms won

1   2.00 0 20772.288110 20140.349205 20772.288110   2000 20790.764050 0 23115.340777 22823.710721 23115.340777   3000 23123.679058 0
2   4.00 1 32486.618874 32190.539938 32486.618874   6500 32507.189971 1 39419.911658 39023.979297 39419.911658   5500 39440.656309 0
3   4.50 0 51931.362198 51507.600598 51931.362198   2500 51940.864670 0 55017.889515 54457.570266 55017.889515   3000 55024.208670 0
4   6.00 1 66339.886674 66091.127295 66339.886674   5000 66357.728389 1 71668.458666 71374.507930 71668.458666   2000 71674.471776 0
5   4.00 0 80092.849680 79741.326240 80092.849680   7000 80107.977733 1 87613.363835 87124.782938 87613.363835   2500 87624.744281 0
6   5.00 0 97592.791133 97191.633552 97592.791133   4500 97608.245442 0 102667.319819 102125.014236 102667.319819   3000 102675.035746 0
7   4.00 0 112134.241780 111741.837277 112134.241780   3000 112141.768754 1 115825.396535 115158.542841 115825.396535   2500 115841.860407 1
8   2.50 1 123275.172920 122908.692415 123275.172920   3500 123292.029454 0 127434.090458 126808.751090 127434.090458   5500 127442.097030 1
9   3.50 0 138663.291510 138008.943955 138663.291510   3000 138675.585279 1 142141.381546 141692.324399 142141.381546   3000 142158.973678 0
10   3.00 0 150496.359701 150225.797024 150496.359701   3000 150509.091685 1 154052.238090 153525.857431 154052.238090   4500 154059.164202 0
11   3.00 0 164357.175327 163626.043529 164357.175327   5500 164376.029814 0 170201.181899 169892.780001 170201.181899   5000 170209.485854 1
12   3.00 0 180205.261856 179776.303266 180205.261856   3000 180209.627007 0 183655.250612 183226.341425 183655.250612   3500 183659.716495 0
13   2.00 0 191492.731111 191226.499580 191492.731111   3000 191509.800657 0 194985.176067 194526.513792 194985.176067   4000 194993.158259 0
14   2.50 0 203916.280982 203560.013525 203916.280982   4500 203926.820928 0 209013.734490 208443.407506 209013.734490   2000 209026.711566 0
15   5.00 1 218378.162184 218093.553840 218378.162184   6000 218393.579921 1 224677.374391 224410.338289 224677.374391   2500 224693.644499 0
16   3.00 1 232628.301653 232260.482762 232628.301653   4500 232643.800232 1 237512.300665 237160.546569 237512.300665   3500 237527.219235 1
17   5.00 1 248431.258098 248094.092787 248431.258098   2000 248444.094343 1 251028.325841 250460.765453 251028.325841   2000 251044.083628 1
18   2.00 1 257626.116030 257110.855004 257626.116030   7000 257644.207008 1 264965.167976 264660.992644 264965.167976   2500 264977.625675 1
19   2.00 1 273016.802959 271544.541252 273016.802959   5000 273027.790102 1 278351.291821 278044.543658 278351.291821   3000 278361.182463 0
20   7.00 1 290671.339146 290428.094350 290671.339146   2500 290678.059303 1 294074.196977 293194.785110 294074.196977   3000 294094.762621 1
21   2.00 1 301606.089332 301161.594629 301606.089332   5500 301611.602312 1 307411.371271 307128.389392 307411.371271   6000 307428.316987 1
22   6.50 1 322250.757975 321995.292875 322250.757975   5000 322261.956205 0 327986.171195 327278.709761 327986.171195   3000 327995.314368 0
23   2.50 1 335861.151185 335562.175729 335861.151185   2500 335878.771226 1 338792.094095 338395.522055 338792.094095   6000 338812.164742 0
24   3.00 1 350156.711062 349879.075346 350156.711062   2000 350162.352684 1 352699.337448 352179.120034 352699.337448   4500 352712.420068 1
25   4.00 1 363665.711318 363279.270202 363665.711318   3000 363679.253006 1 367180.146921 366695.999825 367180.146921   2500 367195.960207 1
--------
10 :Total Won