
trial ITIJitter choice1 rts1 stim1ons_ms choice1ons_ms jitter2 jitter2_ms state rts2 stim2ons_ms choice2ons_ms jitter3 jitter3_ms won

1   6.50 1 22781.162772 22442.048269 22781.162772   3000 22808.972764 1 27063.471288 25825.426691 27063.471288   3500 27075.492375 0
2   5.00 0 38003.843206 37642.275140 38003.843206   6000 38008.920217 0 44411.210549 44025.739536 44411.210549   8000 44425.735174 0
3   3.00 1 57768.183771 57492.657006 57768.183771   4000 57775.958724 1 62129.841020 61792.692711 62129.841020   4500 62142.684322 0
4   3.50 0 72467.264256 72209.488420 72467.264256   5500 72476.153034 0 78218.355704 77992.952946 78218.355704   6500 78226.248072 1
5   4.00 0 90556.791712 90293.096761 90556.791712   3000 90576.566900 0 94060.836221 93593.209459 94060.836221   3000 94076.546530 1
6   4.50 0 103656.101058 103143.375329 103656.101058   2000 103660.036655 0 106014.126831 105676.736958 106014.126831   3000 106026.742684 0
7   2.50 0 113902.114694 113593.539885 113902.114694   2000 113910.235151 0 116215.384117 115926.976516 116215.384117   2000 116226.872673 0
8   2.00 0 122865.816606 122293.676771 122865.816606   4500 122877.036009 0 127693.064810 127393.757004 127693.064810   6000 127710.427568 0
9   5.50 0 141634.824196 141277.303045 141634.824196   3000 141643.979239 0 145381.839536 144660.705527 145381.839536   3000 145394.025836 0
10   3.50 0 154292.224822 153960.877252 154292.224822   2000 154310.822668 0 156591.344638 156327.584243 156591.344638   5000 156610.881471 0
11   3.00 1 167075.471844 166677.727273 167075.471844   2500 167094.389208 1 169705.709214 169611.136508 169705.709214   4500 169711.065001 1
12   2.50 1 179076.775582 178777.956999 179076.775582   2000 179094.611203 1 181575.745007 181111.316318 181575.745007   5500 181594.594361 1
13   4.50 1 194133.175435 193661.526780 194133.175435   2000 194144.842998 1 196637.166691 196161.542980 196637.166691   3000 196644.920792 1
14   3.00 1 204971.807933 204711.677091 204971.807933   4500 204978.399770 1 209776.699135 209495.103762 209776.699135   6000 209795.073061 0
15   2.50 1 220695.801249 220361.971635 220695.801249   2000 220711.937903 1 223653.290513 222728.675419 223653.290513   4500 223661.967241 0
16   7.00 1 237594.693809 237228.870948 237594.693809   3500 237612.215044 0 241548.184599 241128.937643 241548.184599   2500 241562.249835 0
17   2.00 1 248611.024227 248129.089381 248611.024227   6000 248629.067086 1 254960.155127 254645.858175 254960.155127   3500 254979.129594 0
18   2.50 0 263533.686922 263045.969622 263533.686922   2000 263545.943477 0 266071.342161 265562.669765 266071.342161   5500 266079.305426 1
19   3.50 0 277237.321189 276646.189243 277237.321189   3500 277246.162809 0 281163.335621 280762.937377 281163.335621   6000 281179.557287 1
20   6.50 0 295786.152204 295246.493235 295786.152204   2500 295796.464379 0 298828.088705 298313.200451 298828.088705   3000 298846.573949 1
21   6.50 0 310213.689641 309913.401786 310213.689641   2500 310230.033534 0 314116.173578 312746.779551 314116.173578   2500 314130.092208 1
22   4.00 0 322591.705540 322196.936086 322591.705540   2000 322613.568186 0 325106.709282 324630.735577 325106.709282   7500 325113.649830 0
23   5.50 0 340672.668549 340180.574550 340672.668549   4500 340680.555141 0 345793.201503 345197.314311 345793.201503   2500 345813.944871 1
24   7.00 0 357243.233567 356930.825818 357243.233567   5000 357264.133166 0 362602.111711 362280.945750 362602.111711   2000 362614.220376 1
25   5.50 0 372431.952313 371681.053346 372431.952313   3000 372447.695664 1 375917.685453 375464.468468 375917.685453   2000 375931.138920 1
--------
12 :Total Won