
trial ITIJitter choice1 rts1 stim1ons_ms choice1ons_ms jitter2 jitter2_ms state rts2 stim2ons_ms choice2ons_ms jitter3 jitter3_ms won

1   5.00 1 22198.860577 21858.947597 22198.860577   3500 22226.085649 1 26055.834921 25742.354089 26055.834921   2000 26075.718861 1
2   3.50 1 33941.251878 33642.486228 33941.251878   4500 33959.114446 1 38786.883632 38475.904413 38786.883632   4500 38792.520761 1
3   2.00 1 47770.486487 47359.393992 47770.486487   3500 47776.045983 1 51641.731380 51292.767298 51641.731380   2500 51659.475252 1
4   3.50 1 60077.278279 59726.241817 60077.278279   6000 60092.870853 0 66941.769652 66109.684399 66941.769652   2000 66959.690286 0
5   6.50 1 77823.622822 77526.538494 77823.622822   6000 77843.203925 1 84159.742640 83860.048910 84159.742640   3500 84176.602060 1
6   2.50 1 92577.797497 92243.449467 92577.797497   2000 92593.432737 0 95227.238067 94610.135286 95227.238067   4000 95243.448184 1
7   6.00 1 107075.762811 106810.373705 107075.762811   2500 107093.656497 1 109991.733257 109610.391285 109991.733257   6500 110010.342973 0
8   3.00 1 121824.679864 121577.286780 121824.679864   3000 121843.909369 1 125256.730664 124860.647526 125256.730664   4000 125277.266153 1
9   4.00 1 135799.779545 135344.141789 135799.779545   2000 135810.801013 0 138968.601199 137827.524414 138968.601199   5500 138977.501525 1
10   2.00 1 148468.242381 148044.378445 148468.242381   6000 148477.717906 1 154767.215270 154494.454138 154767.215270   2000 154777.721210 1
11   7.50 1 166649.189382 166344.718271 166649.189382   5500 166661.278158 1 172506.651666 172178.079032 172506.651666   3000 172511.398892 0
12   2.00 1 179958.585443 179578.189837 179958.585443   3500 179978.123239 1 183888.547342 183494.927962 183888.547342   3000 183894.964021 1
13   5.50 1 194715.646373 194461.782394 194715.646373   2000 194728.471389 0 197211.601222 196745.144744 197211.601222   6500 197228.511008 0
14   2.50 1 208552.477890 208295.365793 208552.477890   4500 208562.013725 1 213335.538846 213078.830639 213335.538846   2000 213345.434942 0
15   3.50 1 221237.507255 220912.225085 221237.507255   4000 221245.576062 0 225775.831687 225262.287273 225775.831687   3000 225795.616500 0
16   2.00 1 233177.695033 232862.431826 233177.695033   2000 233195.707736 0 235664.798317 235212.438836 235664.798317   3500 235679.082019 0
17   4.00 1 245639.612805 245245.937285 245639.612805   5000 245645.912712 1 251016.563642 250662.699631 251016.563642   3500 251029.825618 0
18   4.50 1 261380.524569 261096.144636 261380.524569   3000 261396.166867 1 264827.136565 264412.928443 264827.136565   3500 264846.263733 0
19   7.50 0 278147.513995 277913.169205 278147.513995   2500 278163.162388 0 281010.185138 280679.851943 281010.185138   2000 281029.841951 1
20   7.50 0 292434.609836 292113.358222 292434.609836   3000 292446.718823 0 295797.664819 295463.455376 295797.664819   6500 295813.423890 1
21   2.50 0 306880.725552 306380.276589 306880.725552   7500 306896.916100 1 315116.051674 314413.736222 315116.051674   2000 315130.399537 0
22   2.00 0 321463.136178 321197.191444 321463.136178   3500 321480.526847 1 325486.105270 324997.238859 325486.105270   5500 325497.255380 0
23   7.00 0 340321.062021 340064.190526 340321.062021   4500 340330.833004 0 345117.576445 344847.562660 345117.576445   3000 345130.879777 1
24   5.00 0 355079.012855 354697.787013 355079.012855   2000 355097.661066 0 357549.591635 357114.482311 357549.591635   2500 357564.474275 0
25   2.50 0 364949.089709 364631.255917 364949.089709   2000 364964.565511 0 367479.624752 366981.258114 367479.624752   3500 367497.905966 1
--------
13 :Total Won