
trial ITIJitter choice1 rts1 stim1ons_ms choice1ons_ms jitter2 jitter2_ms state rts2 stim2ons_ms choice2ons_ms jitter3 jitter3_ms won

1   2.00 0 17337.033783 16847.439151 17337.033783   7000 17364.520086 0 24714.845331 24380.927496 24714.845331   5000 24730.852060 0
2   6.50 0 38644.671209 38314.394475 38644.671209   4000 38664.473987 0 43259.669209 42681.197066 43259.669209   4000 43264.523582 1
3   4.00 0 53225.368113 52831.347731 53225.368113   4000 53231.337914 0 57583.373033 57248.108793 57583.373033   3000 57598.089818 0
4   2.50 1 65414.826307 65164.876753 65414.826307   3500 65431.552595 0 69431.336695 68948.281609 69431.336695   5500 69448.242631 0
5   2.50 0 105544.355508 79515.129817 105544.355508   6000 105565.573984 0 112339.880579 111582.322728 112339.880579   3500 112348.938740 0
6   3.50 0 121853.325544 121415.883028 121853.325544   3500 121865.811794 1 125844.745057 125382.535996 125844.745057   4000 125865.913488 1
7   5.50 1 138987.741199 137432.767792 138987.741199   3500 138999.412612 0 142748.737725 142516.153175 142748.737725   4000 142766.149246 0
8   2.00 1 151695.732919 150832.959118 151695.732919   6000 151699.671082 1 157999.894457 157716.474041 157999.894457   2500 158016.373727 1
9   3.50 1 166975.827260 166083.215359 166975.827260   8000 166983.192229 1 175481.535769 175000.035930 175481.535769   7500 175500.035769 1
10   4.00 1 190044.975457 189066.958405 190044.975457   2000 190050.234041 1 192676.677609 192066.948138 192676.677609   4000 192683.669165 1
11   4.00 1 203285.327261 202750.494757 203285.327261   3500 203300.476167 1 207200.329849 206817.243998 207200.329849   4000 207217.188628 1
12   2.00 1 216038.718859 215284.030260 216038.718859   2000 216050.711394 0 218567.567446 218067.514033 218567.567446   3000 218584.047358 1
13   6.00 1 229629.862033 229150.961973 229629.862033   5500 229634.213710 1 235570.599666 235150.985712 235570.599666   5500 235584.346025 1
14   5.50 1 249122.649285 248651.253421 249122.649285   2500 249134.595625 0 252258.710011 251651.332338 252258.710011   7500 252267.923761 0
15   2.50 0 265136.788306 264334.822175 265136.788306   2000 265151.499316 0 267653.883676 267168.201864 267653.883676   5500 267668.136902 0
16   2.00 1 277661.282008 277235.044458 277661.282008   4500 277668.320079 1 282743.713006 282185.129936 282743.713006   6500 282751.787267 1
17   6.50 1 298073.752346 297818.717120 298073.752346   2500 298085.368581 1 301205.774498 300602.106578 301205.774498   6500 301218.758953 0
18   4.00 1 314316.780921 313785.691211 314316.780921   2000 314335.680641 1 316915.585805 316352.380302 316915.585805   7000 316935.690457 0
19   7.50 0 333707.510838 333502.652550 333707.510838   3500 333719.317308 0 337760.812386 337236.040548 337760.812386   4500 337769.382287 1
20   2.00 0 347035.721928 345869.559081 347035.721928   2500 347052.838953 1 350021.803939 349569.606143 350021.803939   6500 350036.225908 0
21   2.50 1 361442.766223 361103.125926 361442.766223   2000 361453.064283 1 364057.228163 363469.808856 364057.228163   4500 364069.779856 1
22   5.50 1 376381.784999 376136.681478 376381.784999   5500 376386.659584 1 382357.661342 381903.623425 382357.661342   2500 382370.083111 0
23   4.00 0 391339.652809 390936.959229 391339.652809   3000 391353.552833 0 394788.790478 394370.317296 394788.790478   5000 394803.638792 0
24   2.50 1 404801.638913 404370.504002 404801.638913   3000 404820.492437 1 408505.233080 407837.198835 408505.233080   3000 408520.999925 0
25   2.50 0 416541.706005 416087.353382 416541.706005   2000 416553.963202 1 419069.606302 418570.728628 419069.606302   8000 419087.356269 0
--------
11 :Total Won