
trial ITIJitter choice1 rts1 stim1ons_ms choice1ons_ms jitter2 jitter2_ms state rts2 stim2ons_ms choice2ons_ms jitter3 jitter3_ms won

1   2.00 1 18522.551569 18025.938434 18522.551569   4500 18543.057864 1 23366.005398 23059.353796 23366.005398   5000 23376.039118 1
2   2.00 1 32723.414589 32442.861822 32723.414589   5500 32742.823743 1 38530.287063 38259.618522 38530.287063   4500 38542.956811 0
3   2.50 0 48023.394155 47609.779195 48023.394155   2000 48043.113844 0 50476.975570 50059.830508 50476.975570   2000 50493.160665 0
4   2.00 0 56916.569384 56559.933967 56916.569384   3500 56926.573269 1 60883.490222 60443.318323 60883.490222   5000 60893.284944 0
5   4.00 0 72429.569718 71960.199077 72429.569718   6000 72443.522032 1 78829.324433 78460.311518 78829.324433   4000 78843.609419 1
6   2.00 0 87490.054982 86910.402609 87490.054982   4500 87510.405369 0 92439.025994 92027.191165 92439.025994   5500 92443.838343 0
7   3.50 0 103614.441730 103510.702110 103614.441730   4000 103627.333152 0 108137.350671 107644.101465 108137.350671   4000 108144.059921 1
8   3.00 0 117086.279337 116710.945342 117086.279337   2500 117094.224637 0 120052.020907 119610.939215 120052.020907   2000 120060.886909 0
9   5.50 0 129992.356575 129627.791898 129992.356575   5000 130011.102311 1 135479.955820 135027.892117 135479.955820   2500 135494.521186 1
10   5.00 0 145628.017743 145061.396983 145628.017743   6000 145644.697515 0 151961.548369 151661.484113 151961.548369   6000 151978.111048 0
11   3.50 0 163849.375190 163545.008660 163849.375190   2000 163861.644898 0 166375.953784 165878.380810 166375.953784   3500 166395.052402 0
12   2.00 1 174320.910282 173961.882004 174320.910282   3000 174328.498208 1 177704.984523 177345.247272 177704.984523   4500 177711.899086 0
13   3.00 1 187625.358937 187278.718743 187625.358937   2000 187645.427660 1 190231.396300 189662.071180 190231.396300   3500 190245.423040 0
14   2.00 0 198057.450479 197812.195860 198057.450479   6000 198062.202517 0 204383.957469 204079.003551 204383.957469   5500 204395.672832 1
15   2.00 0 213897.199688 213462.484309 213897.199688   4500 213912.530168 0 218754.407577 218429.186681 218754.407577   5500 218762.536696 1
16   2.00 0 228195.969510 227829.398539 228195.969510   2000 228212.694835 0 230617.934941 230229.452241 230617.934941   4500 230629.446595 1
17   4.00 0 241078.389216 240696.273469 241078.389216   2000 241096.260445 0 243555.579402 243112.981921 243555.579402   3500 243562.971960 1
18   5.50 0 254394.393475 254129.819848 254394.393475   2000 254413.264644 0 257066.890715 256429.887312 257066.890715   2000 257079.860413 1
19   3.50 0 264397.317904 264146.650396 264397.317904   3000 264413.283571 0 267713.300670 267430.061187 267713.300670   2500 267729.966005 1
20   6.50 0 278879.465763 278330.230217 278879.465763   2000 278896.857393 0 281321.210874 280913.594267 281321.210874   5000 281330.243691 1
21   3.00 0 291337.516911 290897.088049 291337.516911   3000 291347.109207 0 294728.388622 294363.827474 294728.388622   2000 294747.175420 1
22   3.00 0 301734.911165 301313.892741 301734.911165   2500 301747.229957 0 305437.376431 304263.975653 305437.376431   2000 305447.363955 1
23   3.50 0 312801.397670 312514.127312 312801.397670   3500 312814.069343 0 316650.377632 316330.835570 316650.377632   3000 316664.135861 0
24   2.00 0 323971.306841 323730.967227 323971.306841   4500 323980.958807 0 328793.179047 328497.857846 328793.179047   3000 328797.683105 1
25   4.50 0 338346.899082 337864.532115 338346.899082   8000 338364.538371 0 346776.200609 346381.336198 346776.200609   3000 346781.374181 1
--------
15 :Total Won