
trial ITIJitter choice1 rts1 stim1ons_ms choice1ons_ms jitter2 jitter2_ms state rts2 stim2ons_ms choice2ons_ms jitter3 jitter3_ms won

1   2.50 1 17396.341062 16782.465228 17396.341062   3500 17416.140632 0 21362.255224 20932.508423 21362.255224   4000 21382.471194 1
2   4.50 0 32813.466235 31449.372496 32813.466235   8000 32832.695419 0 41274.410053 40849.522759 41274.410053   2000 41282.809929 1
3   3.00 0 48364.423203 47849.626378 48364.423203   3000 48382.969720 0 51987.527224 51399.714294 51987.527224   5500 51999.656421 1
4   2.50 0 61930.005207 61566.528689 61930.005207   3000 61949.824345 0 65283.461478 64966.580146 65283.461478   6000 65299.880758 1
5   2.00 0 75230.485222 74866.755272 75230.485222   6500 75250.074667 0 82004.927196 81766.858859 82004.927196   5500 82016.811300 1
6   3.00 1 92398.386174 92083.722546 92398.386174   2500 92417.020271 1 95753.929261 94933.734848 95753.929261   2500 95767.033375 0
7   2.00 1 102616.501598 102333.843408 102616.501598   3000 102633.825861 1 106047.948969 105650.579095 106047.948969   2000 106067.277281 0
8   4.00 0 114369.970509 114134.080417 114369.970509   2500 114383.973189 0 117200.437317 116900.792027 117200.437317   4500 117217.397148 1
9   7.50 0 131072.444115 130784.331652 131072.444115   7000 131084.302235 0 138370.375681 138101.121234 138370.375681   6000 138384.490963 1
10   8.00 0 154394.435820 153951.424184 154394.435820   6000 154401.341080 0 160913.864703 160418.150776 160913.864703   4000 160934.776493 1
11   2.00 0 168823.408205 168501.615718 168823.408205   3000 168834.907668 0 172167.345964 171851.691380 172167.345964   3000 172184.966327 1
12   4.00 0 181229.290236 180751.787267 181229.290236   3000 181235.121451 1 184809.888973 184251.829773 184809.888973   6000 184818.499937 1
13   4.50 0 197806.431050 197418.725653 197806.431050   2500 197819.123896 0 200760.449880 200335.457041 200760.449880   2000 200768.773084 0
14   4.00 0 209150.471146 208835.631077 209150.471146   2500 209168.943237 0 212269.215309 211685.645946 212269.215309   5000 212285.668594 0
15   2.50 1 222184.846988 221852.470287 222184.846988   5000 222202.467031 1 227719.407132 227219.225078 227719.407132   2500 227735.913991 1
16   2.50 1 235249.444612 234802.690501 235249.444612   2500 235269.346196 1 238206.459409 237786.101516 238206.459409   6000 238219.420766 1
17   3.50 1 250442.895185 249786.278599 250442.895185   3000 250452.908052 1 254538.346247 253469.640436 254538.346247   7500 254553.003363 1
18   3.00 1 267419.247597 267119.883330 267419.247597   2500 267436.584692 1 270507.138322 269953.249867 270507.138322   2000 270519.952752 0
19   4.00 0 278854.336070 278586.768720 278854.336070   4500 278870.041887 0 283898.506956 283386.824796 283898.506956   4500 283903.463665 0
20   5.00 0 295789.470898 295470.346841 295789.470898   5500 295803.661568 0 301550.158813 301320.474633 301550.158813   3000 301570.408467 0
21   3.00 0 309873.839860 309637.227964 309873.839860   3000 309887.291402 0 313432.792173 312903.967324 313432.792173   2000 313453.947130 1
22   5.50 0 322904.381159 322520.779779 322904.381159   3000 322920.773492 0 326314.112491 325937.482135 326314.112491   6500 326320.825269 0
23   6.50 1 341666.850486 341387.807412 341666.850486   2500 341671.065181 0 344576.280425 344187.802857 344576.280425   3500 344587.784379 0
24   6.00 1 356431.402138 356154.698672 356431.402138   2500 356437.983388 0 359306.430890 358954.820192 359306.430890   8000 359321.373840 1
25   2.00 0 371192.306594 370888.256695 371192.306594   7500 371204.958056 0 379005.277511 378721.800635 379005.277511   4500 379021.686846 0
--------
15 :Total Won