
trial ITIJitter choice1 rts1 stim1ons_ms choice1ons_ms jitter2 jitter2_ms state rts2 stim2ons_ms choice2ons_ms jitter3 jitter3_ms won

1   4.50 1 25289.271500 24769.599200 25289.271500   4000 25303.145300 1 29651.595700 29319.736700 29651.595700   3000 29669.699900 1
2   4.50 1 39567.471000 39236.536900 39567.471000   4000 39586.519500 1 43920.364800 43603.217600 43920.364800   2500 43936.549100 1
3   2.00 1 51188.593100 50503.352200 51188.593100   4000 51586.765700 1 55883.961300 55603.430400 55883.961300   2500 55903.437200 1
4   2.00 1 63042.481100 62470.230000 63042.481100   4000 63053.546300 1 67398.977700 67070.265700 67398.977700   5000 67420.309200 1
5   6.00 1 80840.374600 80487.169500 80840.374600   2000 80853.774700 0 83434.991500 82870.491800 83434.991500   2000 83453.879500 0
6   4.50 1 92431.408000 92020.678500 92431.408000   2000 92437.360600 1 94948.450900 94454.101200 94948.450900   5500 94954.044600 1
7   7.00 0 110189.961600 109520.962100 110189.961600   2000 110204.299900 0 112761.318700 112221.135900 112761.318700   3000 112770.988400 0
8   6.50 1 124590.026900 124337.795800 124590.026900   4500 124604.495000 1 129421.373800 129121.265100 129421.373800   5000 129437.930400 1
9   4.00 1 141083.283400 140504.761200 141083.283400   4000 141088.483800 1 145487.805900 145104.937000 145487.805900   5000 145504.882900 1
10   5.50 1 158381.298300 158071.687100 158381.298300   8000 158388.336100 1 166717.850900 166405.121200 166717.850900   5500 166738.504800 0
11   6.00 1 180888.138000 180305.351000 180888.138000   2000 180905.447000 1 183340.899000 182922.070900 183340.899000   2500 183355.429500 1
12   2.50 1 190979.239700 190422.168800 190979.239700   4000 190988.903300 1 195357.385200 195005.581200 195357.385200   2000 195372.287100 1
13   4.00 1 203859.724700 203439.089100 203859.724700   3500 203872.387900 0 208214.269800 207389.168700 208214.269800   5500 208222.614200 0
14   6.50 1 222830.144000 222289.360800 222830.144000   8000 222839.327200 1 231217.168800 230856.121100 231217.168800   6000 231222.824800 1
15   5.50 1 245158.031100 244823.150200 245158.031100   5000 245173.054800 1 250961.268400 250189.794900 250961.268400   4500 250973.134300 1
16   2.50 1 260700.866600 260039.979100 260700.866600   2000 260706.609600 1 263317.010000 262723.292500 263317.010000   8000 263323.322500 0
17   3.50 0 277158.613600 276890.286400 277158.613600   3500 277173.514800 0 281180.015200 280690.271500 281180.015200   2000 281190.281000 1
18   2.50 0 287915.650300 287257.026900 287915.650300   3500 287923.658500 0 291933.588200 291440.416100 291933.588200   2000 291940.395100 1
19   2.00 0 298340.652600 297507.618046 298340.652600   4500 298357.204100 0 303122.971300 302873.931800 303122.971300   3500 303140.592600 1
20   5.50 0 314295.036800 313707.444500 314295.036800   2500 314307.427700 0 317119.200300 316824.202000 317119.200300   2000 317124.098600 1
21   4.50 0 327229.170000 325190.924600 327229.170000   5000 327240.999200 1 332781.110700 332257.728500 332781.110700   3500 332791.013200 0
22   3.00 1 341758.226800 341357.853000 341758.226800   8000 341774.566200 1 350045.142400 349791.324600 350045.142400   2500 350057.981500 0
23   5.00 1 360229.617400 359624.823300 360229.617400   2500 360241.497600 1 363236.963600 362758.188300 363236.963600   5500 363241.524600 0
24   3.50 0 375310.854300 374308.423400 375310.854300   2000 375325.106000 0 377740.434400 377341.768300 377740.434400   2500 377758.449500 1
25   3.50 0 386179.933900 385325.178600 386179.933900   2500 386191.892900 1 389227.410500 388708.998300 389227.410500   2000 389241.902600 0
--------
16 :Total Won