
trial ITIJitter choice1 rts1 stim1ons_ms choice1ons_ms jitter2 jitter2_ms state rts2 stim2ons_ms choice2ons_ms jitter3 jitter3_ms won

1   3.00 1 20205.292500 19697.543500 20205.292500   2500 20230.885400 1 23308.993500 22747.590900 23308.993500   3000 23330.947200 0
2   6.00 1 34846.334700 34397.803600 34846.334700   3500 34864.450900 1 38979.355900 38381.195200 38979.355900   2000 38997.847800 1
3   5.00 1 48365.743100 48064.664100 48365.743100   4500 48464.796600 1 53324.919400 52981.391200 53324.919400   7500 53331.385500 1
4   5.00 1 68205.753500 67898.328700 68205.753500   4500 68214.987100 1 73358.258600 72731.715900 73358.258600   3500 73365.080300 0
5   8.00 0 87355.796800 86931.911900 87355.796800   2000 87365.220500 1 89904.369500 89381.921600 89904.369500   5000 89915.349800 1
6   5.00 0 103264.314800 101982.122700 103264.314800   7000 103282.162200 0 110853.350500 110298.941200 110853.350500   8000 110865.618800 0
7   4.50 1 125753.615000 125432.545500 125753.615000   4000 125765.856400 1 130280.775700 129782.662700 130280.775700   2500 130299.241000 1
8   6.00 1 141276.696500 140866.062200 141276.696500   2000 141282.701800 1 143721.694600 143299.450600 143721.694600   6000 143732.769000 1
9   2.00 1 155016.618600 153799.668200 155016.618600   4000 155032.975200 0 159525.759200 159049.697800 159525.759200   7000 159533.025800 0
10   4.00 0 173143.664900 172599.899700 173143.664900   3000 173149.904100 1 176805.526700 176166.618500 176805.526700   5500 176816.613600 1
11   5.50 1 190204.528100 189883.549800 190204.528100   6000 190216.801600 1 197148.623500 196233.557400 197148.623500   5500 197166.961700 0
12   3.50 1 208671.526500 208233.823300 208671.526500   7000 208683.756000 1 216195.139100 215700.576600 216195.139100   3000 216200.571900 1
13   2.00 1 223774.152100 223267.333400 223774.152100   3000 223784.110700 1 227274.561500 226800.743800 227274.561500   3500 227284.082200 0
14   7.00 1 240164.537000 239851.042100 240164.537000   6000 240184.217000 1 246563.003200 246201.079900 246563.003200   2500 246584.341200 1
15   5.50 1 257135.592400 256651.199400 257135.592400   3000 257151.146800 1 260705.448600 260167.976600 260705.448600   3500 260717.914600 0
16   2.00 1 268963.621700 268284.753400 268963.621700   4000 268968.040000 1 273486.447200 272984.862200 273486.447200   4000 273501.468400 0
17   8.00 1 288048.437500 287568.364700 288048.437500   4500 288068.443600 0 293098.203200 292585.133800 293098.203200   3500 293118.388600 1
18   4.50 0 304083.471900 302685.231000 304083.471900   8000 304101.954900 1 312635.640500 312118.659400 312635.640500   4500 312652.017200 0
19   2.50 1 322512.259800 321718.855900 322512.259800   5500 322518.865100 1 328430.414700 328035.630600 328430.414700   4500 328435.608800 0
20   5.50 0 341403.861700 340502.501600 341403.861700   4500 341419.133900 0 346654.246500 345935.973300 346654.246500   2000 346669.289200 1
21   3.50 1 358123.491000 353769.395200 358123.491000   4000 358136.095500 1 362591.291800 362152.836900 362591.291800   7000 362602.817500 0
22   7.50 1 379528.538400 379169.756000 379528.538400   3500 379536.394700 1 383516.533100 383053.139100 383516.533100   8000 383536.442500 1
23   6.00 1 400089.861900 399603.357500 400089.861900   2000 400103.470300 1 406678.462400 402120.106100 406678.462400   6500 406686.774700 1
24   4.00 1 419963.824400 419253.694800 419963.824400   5500 419970.320400 1 425925.215800 425487.096700 425925.215800   4000 425937.096800 0
25   3.00 0 435762.331800 435003.926000 435762.331800   2500 435770.627900 0 438897.892400 438287.370500 438897.892400   6000 438904.004900 0
--------
12 :Total Won