
trial ITIJitter choice1 rts1 stim1ons_ms choice1ons_ms jitter2 jitter2_ms state rts2 stim2ons_ms choice2ons_ms jitter3 jitter3_ms won

1   5.50 1 23366.276200 22732.555800 23366.276200   4500 23482.962476 0 28745.806700 27999.254400 28745.806700   5500 28765.986300 1
2   5.00 0 41487.905700 40832.892600 41487.905700   2000 41499.473100 0 44141.322300 43516.239600 44141.322300   5000 44149.564900 1
3   6.00 1 57126.294800 56716.443900 57126.294800   3000 57149.731000 1 60757.775300 60166.468500 60757.775300   2000 60766.457500 0
4   3.00 1 68372.709700 67833.226700 68372.709700   2500 68383.201900 1 71507.809800 70899.944600 71507.809800   4500 71516.613400 0
5   2.00 0 81020.255200 80083.481000 81020.255200   2500 81050.080100 0 84295.254200 83566.854500 84295.254200   5000 84300.119400 1
6   2.50 0 94079.679800 93366.979300 94079.679800   6000 94100.278900 0 100657.114800 100117.096500 100657.114800   6000 100667.088100 1
7   7.00 1 115686.143800 115233.930600 115686.143800   3500 115700.625300 1 119789.269500 119217.396300 119789.269500   5500 119800.694400 1
8   2.50 1 130388.669100 129867.573700 130388.669100   2500 130400.857400 1 133363.215200 132917.566500 133363.215200   7500 133367.575500 0
9   3.00 0 146562.202400 145934.435400 146562.202400   6500 146567.781400 1 153683.709500 153084.505500 153683.709500   3000 153701.219200 0
10   2.00 1 161285.210100 160767.990100 161285.210100   2500 161301.339800 1 164548.989100 163818.032400 164548.989100   3000 164568.096300 0
11   6.00 0 176147.614300 175634.872500 176147.614300   7000 176168.226000 0 183513.172900 183185.010400 183513.172900   2000 183518.348800 0
12   4.00 0 192015.975400 191585.113900 192015.975400   3000 192035.143600 1 195556.619000 195051.845800 195556.619000   2000 195568.523400 0
13   2.50 1 202632.974800 202135.294500 202632.974800   2500 202651.973400 1 205694.572600 205168.681300 205694.572600   2000 205702.038300 1
14   7.50 1 217808.970500 217268.903800 217808.970500   3000 217818.865600 1 222422.591500 220835.577100 222422.591500   4000 222435.610600 1
15   5.50 1 235100.925900 234002.467700 235100.925900   4500 235119.146500 0 240264.928700 239635.871500 240264.928700   2000 240285.877900 0
16   3.00 0 247944.535300 247352.680600 247944.535300   4500 247952.663000 0 255124.971700 252469.406900 255124.971700   3000 255136.117500 0
17   5.00 1 265469.815900 265202.966000 265469.815900   6000 265486.296100 0 272031.956900 271503.034900 272031.956900   2500 272036.382200 0
18   2.50 0 279681.063400 279103.183200 279681.063400   5500 279686.498900 0 285929.515000 285203.243000 285929.515000   3000 285936.610300 0
19   3.00 1 294448.949200 294003.388800 294448.949200   2500 294453.374100 1 298128.881600 296970.104900 298128.881600   2000 298136.798500 1
20   3.00 0 305968.857200 305203.573700 305968.857200   2000 305986.927700 0 311394.828400 308003.690800 311394.828400   6500 311403.653700 0
21   6.00 1 326479.396100 325970.560200 326479.396100   5000 326487.218000 1 331802.457800 331503.970700 331802.457800   4000 331820.666800 1
22   2.50 1 342030.880800 340387.434600 342030.880800   5000 342037.491200 1 347626.417900 347054.205200 347626.417900   3500 347637.553400 1
23   6.00 1 359704.743100 359237.725900 359704.743100   6000 359721.078300 1 366208.928900 365737.866800 366208.928900   3000 366221.164100 1
24   5.00 1 376679.752800 376287.994200 376679.752800   2000 376688.009000 1 380174.363800 378704.717500 380174.363800   2500 380188.059800 1
25   2.00 1 387402.298800 386754.819500 387402.298800   7500 387421.499600 0 395402.887400 394938.287500 395402.887400   2000 395421.633800 0
--------
12 :Total Won