
trial ITIJitter choice1 rts1 stim1ons_ms choice1ons_ms jitter2 jitter2_ms state rts2 stim2ons_ms choice2ons_ms jitter3 jitter3_ms won

1   2.00 1 22850.375200 22063.669000 22850.375200   7500 22863.997900 1 30717.026000 30380.456400 30717.026000   6000 30730.474800 1
2   3.50 1 42843.898600 42297.339500 42843.898600   2500 42863.999200 0 46058.915300 45380.683000 46058.915300   2500 46064.002800 0
3   6.50 1 57429.421400 57130.885600 57429.421400   4000 57447.536500 0 62002.365800 61464.332600 62002.365800   8000 62014.291000 0
4   6.50 1 78873.388900 78581.224800 78873.388900   5500 78881.200200 0 84961.956200 84397.968100 84961.956200   2500 84981.308700 0
5   3.00 1 92897.231200 92548.109300 92897.231200   6500 92914.758200 0 100393.890800 99431.533700 100393.890800   7000 100414.914900 0
6   6.00 0 115812.859800 115481.796000 115812.859800   4000 115831.779500 1 120371.387200 119848.519700 120371.387200   3000 120381.925000 0
7   8.00 0 135321.342300 133448.683300 135321.342300   6000 135332.097000 0 141955.313800 141348.883700 141955.313800   2000 141965.550700 0
8   2.00 1 148384.106000 148032.278500 148384.106000   3500 148398.951800 1 152478.342400 151915.698100 152478.342400   4500 152499.004500 1
9   4.00 1 163347.203000 163065.874600 163347.203000   3500 163365.902900 1 167307.150800 166882.568600 167307.150800   7000 167315.963700 1
10   5.00 1 182551.165700 181382.799900 182551.165700   7000 182566.149700 1 190254.243200 189582.962300 190254.243200   2000 190266.268300 1
11   2.50 1 197477.191500 196833.055300 197477.191500   2000 197483.070600 1 200273.127600 199499.806800 200273.127600   3000 200283.108400 1
12   3.50 1 209474.246000 208849.887900 209474.246000   2000 209483.237300 1 212098.309700 211499.940900 212098.309700   2000 212116.631200 0
13   6.00 0 222481.089200 222183.422800 222481.089200   2500 222500.077400 0 225446.145100 225016.817100 225446.145100   2000 225466.802500 1
14   2.00 0 231652.244700 231033.562700 231652.244700   4000 231666.985400 1 236184.715900 235683.706900 236184.715900   5500 236200.329600 0
15   2.50 0 246726.144600 246267.132300 246726.144600   6000 246733.787300 0 253216.678700 252750.574100 253216.678700   4000 253233.932800 1
16   4.00 0 264006.044400 262800.707400 264006.044400   2000 264017.435600 1 266645.670100 266034.136700 266645.670100   5500 266650.786100 0
17   3.50 1 278064.985600 277717.639600 278064.985600   2500 278084.278100 0 281175.186200 280601.006700 281175.186200   4000 281184.371000 1
18   8.00 1 295134.600900 294751.231600 295134.600900   5000 295151.248100 1 300792.262000 300167.935300 300792.262000   7500 300801.304300 0
19   3.50 0 314645.102300 313868.141000 314645.102300   7500 314651.540000 1 322899.134500 322168.343300 322899.134500   3000 322918.328100 0
20   2.00 0 331083.967200 329985.103000 331083.967200   4000 331101.802400 0 335593.909600 335118.518600 335593.909600   4000 335601.862400 1
21   2.00 0 346707.005700 343168.593900 346707.005700   2500 346718.680800 0 349824.469300 349235.407600 349824.469300   2500 349835.384000 1
22   6.00 1 360406.000400 359935.606200 360406.000400   5500 360418.873000 1 366528.919500 365935.653900 366528.919500   4000 366535.658800 0
23   2.00 0 375819.494200 374602.511400 375819.494200   2500 375835.815400 0 381303.873200 378352.508300 381303.873200   4000 381319.246100 1
24   2.50 1 391023.493000 389386.024200 391023.493000   4000 391036.034300 1 395602.431600 395052.785300 395602.431600   2000 395619.435700 1
25   4.00 1 404168.968700 403686.272100 404168.968700   2000 404186.252400 1 407673.819000 406202.963400 407673.819000   3000 407686.341000 0
--------
12 :Total Won