
trial ITIJitter choice1 rts1 stim1ons_ms choice1ons_ms jitter2 jitter2_ms state rts2 stim2ons_ms choice2ons_ms jitter3 jitter3_ms won

1   2.00 1 19594.620500 18924.900000 19594.620500   6500 19608.683000 1 26560.266300 26124.964000 26560.266300   2500 26574.998600 1
2   5.00 1 36861.650100 36141.814200 36861.650100   7500 36875.159900 0 44969.714100 44391.935000 44969.714100   8000 44975.275300 0
3   7.00 1 62431.758600 62042.232300 62431.758600   5500 62442.218700 1 68474.620600 67958.950300 68474.620600   2500 68492.331100 1
4   7.00 1 80454.237000 80059.158800 80454.237000   3000 80459.160100 0 84174.612700 83475.896300 84174.612700   2500 84192.549500 0
5   4.00 0 93322.705000 92759.362500 93322.705000   5000 93342.688300 0 98892.581600 98359.459100 98892.581600   2500 98909.438000 0
6   2.50 0 106374.463500 105976.234100 106374.463500   3000 106392.897100 0 109903.702200 109409.620200 109903.702200   7000 109909.638800 1
7   2.00 0 121365.493900 120476.433800 121365.493900   3000 121376.442400 1 124995.491000 124393.113100 124995.491000   3000 125009.830400 0
8   5.50 1 135955.641500 135576.687500 135955.641500   4500 135960.019400 1 140928.996600 140476.763600 140928.996600   4000 140943.454400 1
9   2.50 1 150138.389700 149510.226200 150138.389700   2500 150143.572400 1 153225.098400 152660.281400 153225.098400   3500 153243.620400 1
10   3.50 1 162775.075100 162310.415400 162775.075100   4000 162793.755900 1 167313.003400 166810.493900 167313.003400   3000 167327.163500 0
11   7.50 0 180569.446200 179894.003500 180569.446200   4000 180577.416000 0 185250.470100 184594.102700 185250.470100   2500 185260.777900 1
12   2.50 1 192628.999600 191827.559000 192628.999600   2000 192644.260200 0 195257.035500 194660.933000 195257.035500   2000 195277.608700 0
13   4.00 0 203835.008200 203344.397100 203835.008200   6000 203844.351000 0 210312.917600 209861.235700 210312.917600   2500 210327.853400 0
14   4.00 1 219198.339100 218894.626200 219198.339100   5000 219211.289400 1 224565.555300 224228.062900 224565.555300   3000 224578.051000 1
15   7.00 1 236982.320200 236644.963900 236982.320200   5000 236994.991300 1 242506.337000 242011.686700 242506.337000   3500 242511.673300 1
16   3.50 1 252768.410200 251578.471100 252768.410200   5000 252778.523100 1 258217.425400 257795.238400 258217.425400   2000 258228.577900 1
17   7.00 1 269574.912800 269295.415800 269574.912800   2000 269595.408000 1 272126.863500 271612.103300 272126.863500   2000 272145.473600 0
18   2.00 0 278800.222000 278212.216800 278800.222000   5000 278812.238700 0 284245.837000 283828.973500 284245.837000   3000 284262.304100 1
19   3.50 0 293090.350300 292362.446000 293090.350300   4000 293095.777100 0 297620.845400 297112.629000 297620.845400   2500 297629.140300 1
20   2.00 0 304983.414200 303695.938200 304983.414200   4000 304995.953000 0 309818.806000 309012.686800 309818.806000   3000 309829.388200 1
21   4.00 1 319542.225500 318396.178800 319542.225500   3500 319562.911900 1 323637.803300 323079.553200 323637.803300   5000 323646.302600 0
22   3.50 1 334814.274300 334213.079000 334814.274300   2000 334829.866600 1 337443.255100 336846.415800 337443.255100   2000 337463.125200 1
23   2.00 1 343995.107100 343529.940200 343995.107100   2000 344013.222300 0 346559.233500 346029.888700 346559.233500   2000 346579.960200 1
24   2.50 1 353256.323100 352646.688300 353256.323100   5500 353263.566000 1 359074.312500 358780.133700 359074.312500   7000 359080.105300 0
25   4.50 0 373571.200400 372647.027700 373571.200400   7000 373580.340700 0 380956.167900 380597.181500 380956.167900   2500 380963.792400 1
--------
15 :Total Won