
trial ITIJitter choice1 rts1 stim1ons_ms choice1ons_ms jitter2 jitter2_ms state rts2 stim2ons_ms choice2ons_ms jitter3 jitter3_ms won

1   5.50 1 22313.701600 21405.130700 22313.701600   6000 22338.867700 1 28771.342800 28355.267800 28771.342800   3000 28788.585500 0
2   3.50 0 37951.044300 37355.359200 37951.044300   6000 37955.384600 0 44245.683300 43972.149400 44245.683300   4000 44255.482600 1
3   2.00 1 52470.063200 51822.273300 52470.063200   2000 52488.942700 1 55048.717400 54505.670600 55048.717400   2000 55055.678000 0
4   3.50 1 64495.218900 62622.458200 64495.218900   2000 64505.784900 1 67064.702400 66522.484400 67064.702400   2000 67072.497400 1
5   5.00 1 77427.087000 76139.310200 77427.087000   3000 77439.320700 1 80977.058400 80456.031600 80977.058400   2500 80989.400800 0
6   4.00 0 89981.026400 89556.180900 89981.026400   8000 89989.552200 0 98306.666000 98006.314000 98306.666000   2000 98323.025400 0
7   7.00 1 109805.833600 109389.824400 109805.833600   5500 109823.164700 1 115728.073700 115339.922100 115728.073700   2500 115739.930900 0
8   3.00 0 123891.098300 123306.709200 123891.098300   3500 123906.712400 0 127924.102600 127423.475700 127924.102600   2000 127940.095600 1
9   2.50 1 134993.630800 134006.875500 134993.630800   2000 135006.896600 0 138730.656600 137023.573200 138730.656600   4500 138740.292500 1
10   4.50 0 150856.616400 149307.134700 150856.616400   6000 150873.763600 0 157422.125200 156890.545800 157422.125200   5500 157440.552400 1
11   3.50 1 168450.998400 168007.387200 168450.998400   3000 168457.393300 1 174806.966300 171474.107400 174806.966300   2500 174824.150500 0
12   7.00 0 187309.462600 186391.003700 187309.462600   3000 187324.352500 0 190884.566700 190341.094100 190884.566700   2500 190891.073900 0
13   2.50 1 198859.937900 197957.845000 198859.937900   3500 198874.522100 0 202990.592900 202391.241100 202990.592900   2000 203007.899700 0
14   2.50 1 210276.928300 209574.685400 210276.928300   3000 210291.382300 1 213987.514100 213308.071800 213987.514100   4500 214008.110000 1
15   4.00 1 225002.960800 224574.940600 225002.960800   2500 225008.252600 0 227975.111900 227524.956200 227975.111900   2000 227991.639900 0
16   8.00 1 240709.878100 240058.531000 240709.878100   5500 240725.162600 1 248190.687400 246241.934100 248190.687400   5000 248208.591700 1
17   3.00 1 261982.056100 258275.481500 261982.056100   2500 261992.150000 1 265184.787700 264508.872100 265184.787700   2500 265192.211300 0
18   2.00 1 272571.868100 271758.989200 272571.868100   3000 272592.317000 1 276188.373800 275609.048800 276188.373800   2500 276209.046500 1
19   3.50 1 285447.013800 284275.838100 285447.013800   3000 285459.183400 1 290867.751000 288475.888400 290867.751000   4000 290875.936500 0
20   2.00 0 299473.381100 298942.753100 299473.381100   3500 299492.732600 0 304030.775600 303009.446800 304030.775600   3000 304042.805600 0
21   2.50 1 316393.795600 311609.618700 316393.795600   7000 316409.675700 1 323729.718000 323426.427900 323729.718000   7500 323743.110400 1
22   3.00 1 336814.608300 336309.995900 336814.608300   2000 336826.672900 0 339404.709600 338843.345900 339404.709600   5500 339410.015000 0
23   8.00 0 355531.338800 354976.917000 355531.338800   2000 355543.786400 0 358024.328800 357560.310400 358024.328800   3000 358043.621700 0
24   6.00 1 369505.634000 369110.461400 369505.634000   6000 369510.503600 1 375953.624900 375527.228600 375953.624900   6000 375960.562000 0
25   2.00 0 386656.241900 386027.394700 386656.241900   2500 386660.750100 0 389581.258000 389177.452800 389581.258000   8000 389594.145800 1
--------
10 :Total Won