
trial ITIJitter choice1 rts1 stim1ons_ms choice1ons_ms jitter2 jitter2_ms state rts2 stim2ons_ms choice2ons_ms jitter3 jitter3_ms won

1   6.50 1 31025.065800 29450.352700 31025.065800   3500 31067.095700 1 35316.541300 34633.794600 35316.541300   5500 37134.293918 0
2   2.00 1 47996.107100 46717.319900 47996.107100   5500 48017.346300 0 54225.194300 53534.086600 54225.194300   2500 54234.073700 1
3   2.50 1 67940.404600 60817.465200 67940.404600   5000 67951.125900 0 75187.872300 72967.680300 75187.872300   3500 75201.517821 1
4   6.50 1 91009.110400 86768.042800 91009.110400   3000 91018.009600 1 96882.074000 94034.725800 96882.074000   2000 96901.423500 0
5   2.50 0 104532.579700 103468.178600 104532.579700   5000 104551.491800 0 110008.533000 109568.341800 110008.533000   2000 110018.306600 0
6   2.00 1 117300.196700 116085.059000 117300.196700   3500 117318.421000 1 121680.605300 120835.155600 121680.605300   5000 121685.110900 0
7   6.00 1 136459.363200 134752.031800 136459.363200   2000 136468.694000 1 139472.532100 138485.416900 139472.532100   3000 139485.455800 0
8   4.00 1 150780.039500 148552.223200 150780.039500   4000 150785.533000 1 156379.989600 154802.373500 156379.989600   2000 156385.670600 0
9   5.50 0 166903.921200 165952.511500 166903.921200   5500 166919.217600 0 173251.506700 172435.908000 173251.506700   4000 173269.303300 0
10   4.00 1 185269.425000 183336.108000 185269.425000   4000 185286.137500 1 193678.286200 189302.919300 193678.286200   3000 193686.228600 0
11   4.50 0 208884.380200 203253.078800 208884.380200   4000 208903.115800 0 214041.303100 212919.947900 214041.303100   2000 214053.291600 1
12   3.00 0 222830.920800 220620.022200 222830.920800   3500 222836.714000 0 226561.287100 226353.409800 226561.287100   2500 226570.059600 1
13   7.50 0 238703.236700 238136.921300 238703.236700   6000 238720.237200 0 244942.194800 244737.046900 244942.194800   2000 244953.712700 1
14   3.00 0 252172.291700 251520.488500 252172.291700   5000 252187.145900 1 257848.099900 257203.915300 257848.099900   3500 257853.876700 1
15   5.00 0 268972.352900 268420.711400 268972.352900   4000 268987.403200 1 273440.187000 273004.188100 273440.187000   2000 273454.192100 0
16   7.00 1 285080.290500 284521.003700 285080.290500   4000 285087.650300 0 289524.282200 289104.425000 289524.282200   5500 289537.703100 1
17   7.50 1 305085.126700 304104.669300 305085.126700   2000 305104.593300 1 307550.775000 307121.361300 307550.775000   6500 307571.310500 1
18   7.00 0 323669.039700 323138.257900 323669.039700   2500 323688.268300 0 326585.195800 326204.943400 326585.195800   4000 326604.997700 0
19   2.50 1 335791.190600 335171.762000 335791.190600   5000 335805.177500 1 341181.734500 340821.827100 341181.734500   3500 341188.547500 1
20   5.50 1 352645.267300 352255.448100 352645.267300   5500 352655.357700 1 358463.306600 358172.176000 358463.306600   5500 358472.137800 1
21   3.00 1 369696.022500 369122.280700 369696.022500   2000 369705.637800 1 372158.062300 371722.358300 372158.062300   2500 372172.320600 0
22   7.50 0 384496.150000 384239.215300 384496.150000   4000 384505.881100 1 388979.225000 388522.656100 388979.225000   6000 388989.284400 0
23   5.00 1 402318.991400 402056.163100 402318.991400   4000 402339.491900 1 406762.141400 406356.223700 406762.141400   2500 406772.879400 1
24   2.00 1 414085.060100 413339.665100 414085.060100   2000 414089.674700 1 416530.645500 416106.350300 416530.645500   3000 416539.780200 0
25   2.50 0 424706.040900 424106.498200 424706.040900   6500 424723.150200 0 431456.615000 431239.962800 431456.615000   2500 431473.269400 0
--------
11 :Total Won