
trial ITIJitter choice1 rts1 stim1ons_ms choice1ons_ms jitter2 jitter2_ms state rts2 stim2ons_ms choice2ons_ms jitter3 jitter3_ms won

1   5.50 1 21720.648400 21202.059700 21720.648400   2000 21735.732000 1 24246.751300 23752.115900 24246.751300   2500 24268.767400 0
2   2.00 1 31430.626000 30835.521600 31430.626000   5000 31435.526700 1 36928.692000 36452.343200 36928.692000   4000 36935.624000 0
3   2.50 0 46213.190600 45502.413900 46213.190600   2000 46219.109300 0 48843.592500 48235.819400 48843.592500   5500 48852.555700 1
4   6.50 0 62942.249800 62419.325600 62942.249800   2500 62952.701100 0 67545.581900 65469.390100 67545.581900   2000 67552.778400 1
5   5.00 0 77541.135100 76119.574800 77541.135100   7500 77552.924300 0 85405.674700 85069.692700 85405.674700   2500 85419.715100 1
6   4.50 1 94704.707400 93986.520800 94704.707400   2500 94719.873800 1 97883.570000 97236.552400 97883.570000   5000 97903.227200 1
7   4.50 1 109915.541600 109470.086700 109915.541600   2500 109920.075200 1 114507.799700 112436.817900 114507.799700   2000 114520.162600 0
8   8.00 0 126967.559900 126586.988400 126967.559900   4000 126987.036900 0 131700.584600 131003.743400 131700.584600   3000 131720.443200 1
9   4.50 0 141974.709500 140787.244400 141974.709500   6000 141987.241700 1 148517.150000 148004.007400 148517.150000   2000 148537.314600 1
10   2.00 1 155473.572900 154604.172900 155473.572900   2500 155487.480400 1 158582.581300 158004.149500 158582.581300   7500 158587.505500 0
11   2.50 1 171366.490300 170654.342400 171366.490300   4000 171371.029900 1 175966.575700 175387.751700 175966.575700   5000 175971.114900 0
12   6.50 0 190078.032200 189537.962200 190078.032200   5500 190087.984800 0 196091.526400 195604.744900 196091.526400   3500 196104.749200 1
13   4.00 1 207077.396500 205171.549400 207077.396500   6000 207088.249100 1 213430.442200 213105.009400 213430.442200   6000 213438.334700 0
14   4.50 0 226791.944700 226005.233900 226791.944700   4500 226805.253200 0 231967.576900 231321.945400 231967.576900   3000 231971.959700 0
15   2.00 1 239818.524900 239038.753800 239818.524900   2000 239838.740000 1 246515.483900 241855.449900 246515.483900   5000 246522.188100 0
16   8.00 1 261923.303200 261589.073600 261923.303200   3000 261939.082800 1 266677.538900 264955.806100 266677.538900   7000 266689.157000 0
17   3.00 0 279058.944700 278756.035000 279058.944700   2000 279072.680100 0 281713.330200 281089.409000 281713.330200   2000 281722.731700 1
18   4.00 1 290290.313600 289289.555500 290290.313600   2500 290306.190100 1 299925.382600 292822.919000 299925.382600   4000 299939.671200 1
19   6.50 1 312976.438500 312506.537200 312976.438500   2500 312989.856000 0 316611.287600 315506.652900 316611.287600   3500 316623.299100 1
20   2.50 1 325171.405600 324223.390200 325171.405600   3000 325190.065800 1 328706.871300 328206.772700 328706.871300   7000 328723.453500 1
21   4.50 1 342781.275300 342290.353900 342781.275300   5000 342790.297000 1 348354.173100 347807.104800 348354.173100   7000 348373.748000 0
22   4.50 1 362293.836400 361940.621400 362293.836400   3500 362307.295200 1 366326.246800 365824.012100 366326.246800   6500 366340.699100 1
23   2.00 0 379063.821600 376907.524500 379063.821600   3000 379074.177800 0 382782.293700 382091.002100 382782.293700   6500 382790.961900 0
24   3.00 1 394640.137700 394357.792300 394640.137700   4500 394657.801000 0 400007.812900 399174.538600 400007.812900   2500 400024.544300 0
25   2.00 1 407196.704700 406591.325800 407196.704700   6000 407207.992200 1 414666.726000 413224.743400 414666.726000   4000 414674.785800 1
--------
13 :Total Won