
trial ITIJitter choice1 rts1 stim1ons_ms choice1ons_ms jitter2 jitter2_ms state rts2 stim2ons_ms choice2ons_ms jitter3 jitter3_ms won

1   3.00 1 19992.908400 19445.011500 19992.908400   3000 20011.906900 1 23619.414800 23028.375500 23619.414800   2500 23628.350000 0
2   3.50 0 32112.305100 31695.152600 32112.305100   4500 32128.512400 0 37020.429600 36645.300300 37020.429600   2000 37028.588900 1
3   4.50 0 46021.301700 45095.351600 46021.301700   2000 46045.391700 0 48498.324400 48062.064400 48498.324400   3500 48512.083000 1
4   5.50 0 59893.862000 59078.978500 59893.862000   4500 59912.266500 0 64907.281900 64428.990300 64907.281900   7000 64912.271000 1
5   6.50 1 80363.814100 79979.268000 80363.814100   3000 80379.231300 0 83940.196000 83395.986400 83940.196000   3000 83945.903800 1
6   3.50 1 92531.277400 92012.760300 92531.277400   5000 92546.102000 0 98007.290400 97562.881700 98007.290400   3000 98012.790900 1
7   3.00 1 106428.242200 105579.609200 106428.242200   4000 106446.265600 1 110883.312300 110463.061900 110883.312300   5000 110896.362300 0
8   3.00 1 121601.228700 120963.245500 121601.228700   8000 121613.201000 1 130074.735400 129629.999200 130074.735400   2500 130079.970600 0
9   2.00 0 137334.103300 136646.896200 137334.103300   4000 137346.826200 1 141837.150500 141363.584800 141837.150500   2000 141846.841900 0
10   7.50 0 154024.282900 153413.701000 154024.282900   7000 154030.400000 0 161318.179300 161047.097500 161318.179300   2500 161330.503900 1
11   5.50 0 171691.087400 170897.333700 171691.087400   2000 171697.325300 1 174421.289400 173713.999800 174421.289400   2500 174430.724200 1
12   3.00 0 182579.226600 181997.482600 182579.226600   5500 182597.518800 0 188440.045800 188114.238400 188440.045800   2000 188447.647800 1
13   2.50 0 195334.056000 194514.308400 195334.056000   3000 195347.648000 0 198790.838700 198364.373400 198790.838700   5500 198797.676800 1
14   5.00 0 211404.567400 210864.589800 211404.567400   4000 211414.606500 0 215777.116800 215431.319200 215777.116800   3000 215781.345900 0
15   2.00 1 223631.675200 222848.118900 223631.675200   4500 223648.115700 1 228533.999600 228164.850500 228533.999600   3500 228548.214200 0
16   2.50 0 237035.991700 236614.983200 237035.991700   2000 237048.338200 1 239573.563000 239065.079500 239573.563000   6000 239581.672900 0
17   2.50 1 250526.557800 250148.538300 250526.557800   7500 250531.845900 0 258503.563700 258048.646100 258503.563700   4500 258515.259700 0
18   5.00 1 270434.852200 270082.161900 270434.852200   2500 270448.897300 1 273449.542100 272965.544400 273449.542100   3000 273465.527900 1
19   6.00 1 285016.554600 284565.753200 285016.554600   3000 285032.395400 0 288571.078200 288049.080300 288571.078200   4500 288582.493100 0
20   3.50 0 299044.954400 298649.314900 299044.954400   7500 299049.244300 0 307025.020800 306566.072800 307025.020800   4500 307032.773700 1
21   4.00 1 317763.461900 317099.649100 317763.461900   2500 317782.941700 1 320967.785600 320299.619300 320967.785600   8000 320983.020000 0
22   4.00 1 335454.870100 335049.862400 335454.870100   2000 335466.463000 1 337953.988200 337483.457200 337953.988200   2000 337966.556200 1
23   6.50 1 349311.907900 348533.411300 349311.907900   3000 349316.604000 1 352894.111000 352333.435100 352894.111000   2000 352900.154900 0
24   5.50 0 363940.854600 362466.961400 363940.854600   2500 363950.236500 0 366929.007500 366466.970800 366929.007500   2000 366933.638100 0
25   2.00 0 373630.791100 373000.493100 373630.791100   2500 373650.435500 0 376552.760300 376167.135900 376552.760300   3000 376567.166000 0
--------
12 :Total Won