
trial ITIJitter choice1 rts1 stim1ons_ms choice1ons_ms jitter2 jitter2_ms state rts2 stim2ons_ms choice2ons_ms jitter3 jitter3_ms won

1   5.00 1 19989.061900 19526.229200 19989.061900   4000 20009.559700 1 24569.919900 24026.313700 24569.919900   6500 24576.310000 1
2   2.00 1 35641.868600 35159.795500 35641.868600   4000 35659.796400 1 40022.882700 39676.560500 40022.882700   4000 40043.203100 1
3   2.50 1 49429.832900 48610.038200 49429.832900   2500 49443.356400 1 52481.410000 51960.059500 52481.410000   7500 52493.454800 1
4   8.00 1 70484.385400 70060.332300 70484.385400   4500 70493.665300 1 75666.930800 75010.409100 75666.930800   5000 75677.089900 1
5   3.50 0 86862.939600 86243.925400 86862.939600   5500 86877.221100 0 93092.826500 92394.020700 93092.826500   3000 93110.709300 0
6   2.00 1 101761.766400 100177.444300 101761.766400   2500 101777.485200 1 104852.407700 104294.220600 104852.407700   8000 104860.864100 0
7   4.50 0 119909.331700 119427.755000 119909.331700   2000 119927.761700 0 122625.882100 121944.480400 122625.882100   2500 122644.470400 0
8   4.00 0 131845.668800 131211.284900 131845.668800   3500 131861.305200 0 136014.832100 135378.065800 136014.832100   6500 136028.010100 1
9   2.50 0 147549.891700 146594.882900 147549.891700   3500 147561.531800 0 151537.877200 151078.239400 151537.877200   4000 151544.966800 0
10   4.00 1 162019.771300 161611.860700 162019.771300   2500 162028.407800 1 164857.864600 164545.093800 164857.864600   7500 164878.453400 1
11   4.50 1 179374.650600 178945.353200 179374.650600   4500 179395.387600 0 184677.674100 183912.083600 184677.674100   2000 184695.434400 0
12   3.50 1 192689.712400 192262.221800 192689.712400   4500 192695.569800 0 197717.303000 197212.284200 197717.303000   3500 197728.965600 0
13   4.50 1 208161.734600 207795.758900 208161.734600   5500 208179.119000 1 214342.502600 213695.849800 214342.502600   2500 214362.559800 1
14   5.00 1 225341.671000 223929.374800 225341.671000   7500 225346.059900 1 233337.757800 232862.838600 233337.757800   3000 233346.178200 1
15   2.50 1 241668.714000 240912.957600 241668.714000   3500 241679.594500 0 245706.754600 245196.354500 245706.754600   2000 245713.028300 1
16   6.00 1 256412.557200 255279.880600 256412.557200   6000 256429.865400 0 263084.538700 262446.617700 263084.538700   3500 263096.637700 0
17   2.00 1 271761.604600 270663.439800 271761.604600   5000 271780.117200 1 277344.607600 276796.842100 277344.607600   2000 277363.522000 0
18   3.50 0 285550.543100 284930.339200 285550.543100   2500 285563.642900 0 288687.646900 288080.326900 288687.646900   4500 288697.028000 1
19   3.50 1 298754.099700 298297.162600 298754.099700   2000 298763.851200 1 301275.384100 300780.540700 301275.384100   2000 301297.257000 1
20   5.50 0 311713.136000 310864.056700 311713.136000   3500 311730.727900 0 315828.630500 315247.438700 315828.630500   6500 315847.465100 1
21   3.50 1 327876.133300 327414.298100 327876.133300   2500 327880.952900 1 330879.533700 330414.302400 330879.533700   7000 330897.687700 0
22   2.00 0 342675.507800 341964.594600 342675.507800   4500 342681.172300 1 347934.417900 347197.920400 347934.417900   2000 347947.944300 0
23   3.50 0 356191.473200 355514.750000 356191.473200   4500 356198.065800 0 361587.058400 360714.800400 361587.058400   2000 361598.137000 0
24   3.00 1 369563.027000 368664.942400 369563.027000   2000 369581.633800 1 372046.499000 371598.321900 372046.499000   4000 372064.973400 1
25   2.50 1 381103.298900 380631.784600 381103.298900   7000 381115.133300 1 388522.982200 388131.865200 388522.982200   5500 388531.894300 0
--------
13 :Total Won