
trial ITIJitter choice1 rts1 stim1ons_ms choice1ons_ms jitter2 jitter2_ms state rts2 stim2ons_ms choice2ons_ms jitter3 jitter3_ms won

1   6.00 1 27723.425900 27081.875000 27723.425900   2500 27748.966100 0 30781.698200 30265.246400 30781.698200   2000 31531.974200 0
2   4.00 0 39975.762200 39598.703200 39975.762200   3000 39982.043700 0 43433.631100 42998.799300 43433.631100   4500 43448.800500 0
3   2.50 1 53043.087600 52515.670900 53043.087600   2500 53282.281400 1 56278.711300 55799.110000 56278.711300   4000 56299.062000 0
4   3.50 1 66335.764500 65865.829900 66335.764500   4500 66349.180900 1 71349.641900 70865.892600 71349.641900   5000 71365.900600 1
5   2.00 1 80905.148900 80432.743500 80905.148900   3000 80916.123800 1 84520.677500 83932.767200 84520.677500   7000 84532.805500 1
6   3.50 1 97516.189500 97099.823300 97516.189500   6000 97532.983300 1 104379.379900 103549.748100 104379.379900   3500 104399.767900 1
7   4.50 1 114793.136100 114466.587800 114793.136100   6000 114799.879900 1 121202.643200 120816.630500 121202.643200   4000 121216.706700 1
8   3.00 1 130574.528500 130283.458700 130574.528500   2000 130583.524400 0 133295.500300 132600.263400 133295.500300   5500 133300.156900 0
9   3.50 1 144661.074700 144367.075300 144661.074700   3000 144666.993100 1 148073.128900 147683.722800 148073.128900   2000 148083.758800 1
10   6.50 1 159025.452500 158650.587400 159025.452500   4000 159033.887400 1 163368.227800 163050.674500 163368.227800   4500 163383.972300 1
11   4.50 1 174809.542200 174450.839200 174809.542200   3000 174817.493700 1 178306.008300 177834.223100 178306.008300   2500 178317.536100 1
12   4.50 1 188075.429300 187384.359500 188075.429300   4500 188084.388800 1 192949.043400 192601.126000 192949.043400   3500 192967.901400 0
13   5.50 1 204687.558900 204034.597600 204687.558900   2000 204701.290300 1 207133.579000 206718.019800 207133.579000   5500 207151.408100 1
14   6.50 1 221587.307900 221218.230200 221587.307900   3500 221601.537900 0 225753.370900 225118.323200 225753.370900   2500 225768.269400 1
15   5.00 1 235171.397600 234835.122400 235171.397600   2000 235185.074000 1 237722.405000 237201.801600 237722.405000   5000 237735.135500 0
16   2.50 1 247990.956800 247301.997400 247990.956800   5000 248001.984600 1 253519.958500 253018.719700 253519.958500   3500 253535.392200 1
17   2.00 1 261863.331600 261135.504200 261863.331600   3500 261868.798100 1 265826.334500 265385.641100 265826.334500   2000 265835.557700 1
18   3.50 1 274049.895000 273402.466000 274049.895000   2000 274069.046300 1 276696.469600 276085.730700 276696.469600   2000 276702.410000 0
19   6.50 1 287536.370000 287269.261900 287536.370000   4000 287552.633500 1 292114.273000 291569.282600 292114.273000   6500 292119.278300 0
20   3.50 0 304555.368200 304186.160100 304555.368200   4000 304569.539400 0 309077.283900 308586.313900 309077.283900   4000 309086.269200 1
21   5.00 0 320484.197500 319653.410181 320484.197500   2000 320503.327000 1 323022.919900 322519.797500 323022.919900   3000 323036.441200 1
22   2.00 0 331118.164500 330119.944100 331118.164500   3000 331136.565500 0 334620.819900 334153.308500 334620.819900   3000 334636.608000 1
23   8.00 0 347550.353400 347203.579900 347550.353400   4000 347570.183100 0 352294.263800 351586.921200 352294.263800   2500 352303.681800 1
24   4.00 0 361187.152100 360370.357200 361187.152100   2000 361203.734500 0 363951.187400 363220.413400 363951.187400   3500 363970.397300 1
25   7.00 0 376392.050500 376037.317800 376392.050500   2000 376570.631600 0 379073.280600 378587.326800 379073.280600   3000 379087.316500 0
--------
16 :Total Won