
trial ITIJitter choice1 rts1 stim1ons_ms choice1ons_ms jitter2 jitter2_ms state rts2 stim2ons_ms choice2ons_ms jitter3 jitter3_ms won

1   7.50 1 31711.551400 31014.756700 31711.551400   4500 31731.658100 1 36763.185100 36248.107900 36763.185100   2000 36781.468300 1
2   2.50 1 44226.569100 43348.196600 44226.569100   5500 44231.557800 1 50062.590100 49748.326300 50062.590100   4500 50081.624400 0
3   7.00 0 64092.584700 63648.511700 64092.584700   3500 64115.230300 0 68078.148300 67631.929400 68078.148300   5000 68098.676200 1
4   6.50 0 81494.526900 81165.491700 81494.526900   6000 81498.799400 0 87824.588300 87515.562100 87824.588300   4000 87832.160900 1
5   4.50 0 98619.628300 97899.057700 98619.628300   5500 98632.381700 0 104828.537500 104149.188200 104828.537500   2000 104849.138100 1
6   4.00 0 113068.251300 112416.035700 113068.251300   2500 113082.629900 1 116696.975700 115599.383000 116696.975700   2000 116716.010500 1
7   3.50 1 125257.583700 124282.818400 125257.583700   7500 125266.145600 1 133169.477000 132782.950100 133169.477000   3500 133182.948500 0
8   3.00 0 142559.624700 141749.824600 142559.624700   2500 142566.426800 0 145646.307200 145083.109400 145646.307200   4000 145666.451200 1
9   3.00 0 155219.505300 154233.236900 155219.505300   2000 155233.288200 0 157784.959900 157249.983500 157784.959900   6500 157799.936400 1
10   2.00 0 168372.414000 167866.818500 168372.414000   7000 168383.426100 0 175722.944800 175400.293200 175722.944800   3500 175733.586300 0
11   5.00 1 186658.463400 186300.427400 186658.463400   4000 186667.037400 1 191850.430300 190683.815500 191850.430300   3000 191867.202500 0
12   3.00 0 200558.471400 199933.984900 200558.471400   2000 200567.330100 1 203298.586800 202584.023900 203298.586800   4000 203317.429000 1
13   2.50 1 212492.464800 211884.153900 212492.464800   4500 212500.801500 1 217610.378400 217017.561500 217610.378400   2500 217617.565000 0
14   3.50 0 226269.199400 225684.373700 226269.199400   2500 226284.398200 0 229331.404900 228801.117000 229331.404900   2000 229351.097100 0
15   3.00 0 236742.391200 236417.840200 236742.391200   4500 236751.159100 0 241580.365200 241267.937000 241580.365200   2500 241584.572500 1
16   6.50 0 253265.268500 252151.417800 253265.268500   3000 253284.803200 0 256694.820300 256301.470900 256694.820300   2000 256701.428400 0
17   3.00 1 264303.435500 263768.295200 264303.435500   2500 264318.259500 1 267163.803200 266835.017400 267163.803200   6000 267185.026300 0
18   7.50 1 283068.880200 282751.933700 283068.880200   6000 283085.208700 1 290188.858500 289101.990300 290188.858500   2000 290202.045100 1
19   5.00 1 299909.757000 299302.217300 299909.757000   5000 299918.835400 1 305318.791200 304935.611800 305318.791200   3000 305335.783200 1
20   5.00 1 315876.218400 315402.437700 315876.218400   3500 315885.778400 1 320172.292000 319402.478700 320172.292000   2500 320185.852200 1
21   5.00 1 330087.329400 329752.634600 330087.329400   6000 330102.743200 1 337033.150400 336119.407100 337033.150400   2500 337052.798400 0
22   3.00 0 345126.294300 344619.528400 345126.294300   2500 345136.276600 0 352677.708000 347652.945300 352677.708000   2500 352686.306100 0
23   2.00 1 359681.070000 359253.114300 359681.070000   4500 359686.414000 1 364680.209100 364203.219200 364680.209100   4500 364686.524200 1
24   6.00 1 378000.100700 377253.595400 378000.100700   2000 378020.058800 1 380600.239800 380036.757400 380600.239800   3000 380620.133700 1
25   2.00 1 396609.655800 387686.930900 396609.655800   2500 396620.330100 1 399616.945300 399137.054400 399616.945300   3500 399637.056500 0
--------
14 :Total Won