
trial ITIJitter choice1 rts1 stim1ons_ms choice1ons_ms jitter2 jitter2_ms state rts2 stim2ons_ms choice2ons_ms jitter3 jitter3_ms won

1   3.00 1 22009.976500 21227.314200 22009.976500   4500 22027.656900 0 27243.238600 26544.038100 27243.238600   3000 27260.723600 0
2   5.00 1 37788.352100 37327.534200 37788.352100   3500 37794.218500 0 41683.818800 41310.949300 41683.818800   5500 41694.316700 1
3   3.50 0 52804.233400 52261.100500 52804.233400   2500 52811.106200 1 55768.895300 55327.818600 55768.895300   4000 55777.822300 0
4   6.50 0 68726.796200 68344.687200 68726.796200   4000 68744.679400 1 73412.760100 72761.426200 73412.760100   4000 73428.088600 1
5   5.00 1 85929.337700 84494.923600 85929.337700   2000 85944.964600 0 88631.405100 87961.784800 88631.405100   6500 88644.981400 1
6   4.50 1 101748.189600 101211.880200 101748.189600   4000 101761.857000 0 106307.057300 105778.582400 106307.057300   7500 106311.920500 1
7   3.50 1 119457.148800 118878.799700 119457.148800   3000 119462.125100 0 124095.986700 122478.845300 124095.986700   3000 124112.219100 1
8   3.00 1 132402.108500 131678.955200 132402.108500   4000 132412.309900 1 137084.236400 136429.066900 137084.236400   4000 137095.718600 0
9   5.00 1 148688.212300 148162.556200 148688.212300   6000 148695.897300 0 155445.641200 154712.645600 155445.641200   6500 155462.689500 1
10   7.00 0 171118.987900 170529.651700 171118.987900   2000 171129.580900 1 174270.030400 173146.265200 174270.030400   5000 174279.600700 0
11   2.50 0 184458.027000 183846.427700 184458.027000   2000 184463.100200 1 187050.623900 186479.776500 187050.623900   2000 187063.175300 0
12   4.00 1 195529.199900 195129.963400 195529.199900   5000 195546.611600 0 201275.958200 200563.351900 201275.958200   2000 201296.690300 1
13   2.50 1 208260.087500 207363.451600 208260.087500   2500 208280.145800 0 211510.480100 210796.852900 211510.480100   4000 211530.190400 0
14   3.00 0 221008.934800 220597.011800 221008.934800   3000 221013.654600 1 225033.961100 224030.368600 225033.961100   3000 225047.045400 1
15   4.50 1 235615.536500 234613.862500 235615.536500   5000 235630.537400 0 241328.896300 240647.285100 241328.896300   3000 241347.300500 0
16   3.50 0 250593.048700 249914.096400 250593.048700   2500 250597.472200 1 253619.513900 253114.141500 253619.513900   3500 253630.845500 1
17   2.50 0 262380.933800 261697.605600 262380.933800   5000 262397.626200 1 267933.901800 267414.343700 267933.901800   2500 267947.692900 0
18   6.50 1 279462.770300 279014.534100 279462.770300   2000 279481.199100 0 282286.887600 281497.836000 282286.887600   7000 282298.056200 0
19   3.00 1 294845.821600 294364.762800 294845.821600   4500 294864.795400 0 299739.761500 299381.495200 299739.761500   3500 299748.168300 0
20   4.50 0 310611.841100 309815.030600 310611.841100   5000 310631.680400 0 316422.784600 315648.423100 316422.784600   4000 316431.803500 0
21   3.00 1 325920.313300 325498.554200 325920.313300   4500 325931.929800 0 331180.310200 330448.649700 331180.310200   3500 331198.645000 0
22   2.00 0 339999.873900 338765.450700 339999.873900   5500 340015.451400 0 346171.801700 345532.206500 346171.801700   4000 346182.208600 0
23   2.00 1 354706.300600 354249.006800 354706.300600   2000 354715.749100 0 357718.852000 356732.390100 357718.852000   3000 357732.374200 0
24   2.50 0 366052.833500 365299.157200 366052.833500   6000 366065.858100 1 372667.286600 372082.625000 372667.286600   3000 372682.619800 0
25   5.50 1 384065.328500 383249.398100 384065.328500   3000 384082.781400 1 388000.624800 387099.511400 388000.624800   4000 388016.177200 1
--------
10 :Total Won