
trial ITIJitter choice1 rts1 stim1ons_ms choice1ons_ms jitter2 jitter2_ms state rts2 stim2ons_ms choice2ons_ms jitter3 jitter3_ms won

1   6.50 1 23551.974400 22355.764700 23551.974400   5000 23572.728600 0 29186.777200 28589.208900 29186.777200   5500 29205.864600 0
2   4.00 0 41125.823400 40772.697500 41125.823400   3000 41139.368400 0 44799.785200 44156.083700 44799.785200   2000 44806.111100 0
3   4.00 0 53257.931300 52872.892200 53257.931300   6500 53272.911400 1 60316.838000 59789.663500 60316.838000   7500 60323.008000 1
4   3.00 1 73867.619500 72889.860200 73867.619500   7000 73873.263600 0 81472.633800 80889.977400 81472.633800   2500 81489.983500 0
5   2.50 0 89670.762300 88556.762800 89670.762300   7500 89690.098200 1 98099.861400 97206.886800 98099.861400   3500 98106.901000 1
6   4.00 0 108674.879100 107673.794600 108674.879100   3500 108690.421600 1 113690.263300 112207.101400 113690.263300   2000 113707.129800 1
7   5.00 0 123512.258600 122773.943900 123512.258600   2500 123523.951300 1 128182.556700 126040.659200 128182.556700   3000 128190.714500 1
8   7.00 0 142234.796200 140257.562000 142234.796200   2500 142240.902400 1 150958.679200 144757.600600 150958.679200   3500 150974.371900 1
9   5.50 1 163235.797000 162041.214900 163235.797000   6000 163241.236100 0 173751.180800 169257.977200 173751.180800   6500 173758.057900 1
10   5.50 0 189150.600700 187324.933500 189150.600700   5000 189158.310300 1 196636.643300 194175.018200 196636.643300   4000 196641.766100 1
11   6.00 0 209516.463400 208708.617500 209516.463400   2000 209525.258400 1 212156.620400 211542.416705 212156.620400   4000 212175.334600 1
12   5.00 0 233005.383200 223242.135400 233005.383200   2000 233025.618700 1 236950.387000 235042.319400 236950.387000   3000 236959.006300 1
13   3.50 0 246554.479400 245525.846300 246554.479400   2000 246559.153400 0 250225.367600 248575.861000 250225.367600   3500 250242.550000 0
14   2.50 0 258934.602100 258309.358800 258934.602100   6000 258942.666500 1 268362.971400 264959.433500 268362.971400   4500 268376.143100 1
15   7.50 0 295292.455700 282476.436400 295292.455700   5000 295309.897500 0 300861.345200 300326.652200 300861.345200   5000 300876.631300 0
16   5.50 0 320450.427100 313443.526300 320450.427100   2000 320460.281600 1 323077.971900 322476.978400 323077.971900   5500 323093.645000 0
17   2.00 1 335255.953400 332660.496400 335255.953400   3000 335260.494000 0 339355.214800 338277.218300 339355.214800   3000 339360.563100 1
18   5.00 1 353828.306000 348927.371300 353828.306000   2000 353844.121400 0 359815.285500 355860.802800 359815.285500   4000 359827.540700 1
19   4.00 0 373338.231400 369394.364000 373338.231400   2500 373344.408500 1 389261.371500 375861.124000 389261.371500   6000 389277.970000 0
20   2.50 0 400698.153000 399844.818300 400698.153000   4000 400711.478900 1 405481.213400 404728.233000 405481.213400   4000 405494.936600 1
21   3.00 1 421356.208400 414561.726300 421356.208400   4000 421361.838000 0 433277.066100 425378.572300 433277.066100   4500 433295.328300 1
22   2.00 1 447528.123100 441362.111800 447528.123100   3500 447545.520800 0 457526.636300 451062.253700 457526.636300   5500 457545.729300 1
23   7.00 0 472605.192800 471612.597600 472605.192800   2500 472612.579800 0 485251.065500 475129.315200 485251.065500   3500 485262.784200 0
24   7.00 1 498691.189200 497829.656700 498691.189200   4500 498696.288800 1 504117.867700 503213.051800 504117.867700   4000 504129.726100 0
25   3.00 0 526584.903600 513196.536100 526584.903600   5000 526596.745400 1 532261.028000 531613.498100 532261.028000   5000 532280.157700 1
--------
16 :Total Won