
trial ITIJitter choice1 rts1 stim1ons_ms choice1ons_ms jitter2 jitter2_ms state rts2 stim2ons_ms choice2ons_ms jitter3 jitter3_ms won

1   4.50 1 23899.522100 23139.907500 23899.522100   4500 23923.524000 0 29155.988000 28439.995500 29155.988000   4000 29173.295200 1
2   7.50 1 42939.889700 42240.207000 42939.889700   8000 42957.313055 0 51589.871400 50973.692600 51589.871400   3500 51607.007300 0
3   6.00 1 63809.403900 63173.920600 63809.403900   3000 63823.848200 0 67417.346500 66840.595900 67417.346500   5500 67423.906800 1
4   7.00 0 82240.391200 81490.783700 82240.391200   3500 82257.469200 1 86356.286700 85774.190500 86356.286700   2500 86374.190400 0
5   6.50 1 98961.801700 97441.055500 98961.801700   2000 98974.397900 0 101893.830800 100991.078700 101893.830800   3500 101907.761300 1
6   2.50 1 110394.710900 109474.556000 110394.710900   4500 110407.901500 0 115546.760900 114924.628900 115546.760900   2000 115557.967200 1
7   7.50 0 127058.672300 126624.799300 127058.672300   2000 127074.811900 1 129628.797700 129091.506200 129628.797700   3000 129641.513100 1
8   3.50 1 138810.638400 138208.311200 138810.638400   4500 138824.981100 0 143956.550400 143341.762300 143956.550400   7500 143975.060500 0
9   2.50 0 156767.269200 156041.924900 156767.269200   3000 156775.257700 0 160496.164400 159792.024400 160496.164400   3000 160508.640400 1
10   3.50 1 169188.615300 168575.459800 169188.615300   7000 169208.771400 0 177036.231700 176225.550600 177036.231700   7000 177042.229200 1
11   2.00 1 188368.499400 187609.078100 188368.499400   3000 188375.763000 1 191960.558400 191392.482600 191960.558400   6500 191975.818400 0
12   2.50 0 203374.386700 203042.636700 203374.386700   7500 203392.632700 1 211500.076900 210909.406500 211500.076900   2500 211509.389400 0
13   5.00 1 221541.508800 221076.236100 221541.508800   4000 221559.586300 0 226285.459200 225576.284800 226285.459200   6500 226292.979600 0
14   3.50 0 239264.683300 238359.830800 239264.683300   4500 239276.495600 1 244519.276300 243793.230200 244519.276300   4500 244526.582300 1
15   3.00 1 255031.406100 254093.357500 255031.406100   4000 255043.420400 0 259863.456200 259060.130300 259863.456200   8000 259876.840700 0
16   3.50 0 274379.352900 273443.688500 274379.352900   6500 274393.694100 1 281564.016700 280910.475800 281564.016700   3500 281577.153500 1
17   3.00 1 291025.472400 290143.916900 291025.472400   2500 291043.927100 0 294222.338500 293560.643900 294222.338500   3000 294227.326200 0
18   4.00 0 304151.391900 303294.132800 304151.391900   2000 304160.804500 1 306809.382500 306177.505100 306809.382500   6000 306827.518800 1
19   2.50 1 318315.449300 317427.728600 318315.449300   3500 318327.687700 0 322475.301000 321844.416400 322475.301000   6500 322494.437100 0
20   2.00 1 333405.382300 333061.241000 333405.382300   2500 333411.297500 1 336540.264500 335927.942900 336540.264500   8000 336561.289700 0
21   5.50 1 352498.877500 352128.193000 352498.877500   3000 352511.501400 0 356325.176900 355528.267800 356325.176900   4000 356344.925300 0
22   5.00 0 368122.188800 367411.781100 368122.188800   3000 368128.453200 0 372185.447100 371145.170300 372185.447100   5500 372195.154500 1
23   3.50 1 383611.189800 382761.974900 383611.189800   4500 383628.662700 0 388633.624600 388145.438400 388633.624600   3000 388645.539600 0
24   3.00 1 397261.301300 396712.164400 397261.301300   2500 397278.876400 0 400429.395300 399795.574400 400429.395300   6000 400445.577600 1
25   7.00 1 415895.772800 415012.477900 415895.772800   4000 415912.481300 0 420497.945800 419929.218000 420497.945800   2000 420512.545600 0
--------
12 :Total Won