
trial ITIJitter choice1 rts1 stim1ons_ms choice1ons_ms jitter2 jitter2_ms state rts2 stim2ons_ms choice2ons_ms jitter3 jitter3_ms won

1   6.50 1 32805.505000 32001.146700 32805.505000   3500 32834.798200 0 37179.468500 36434.495400 37179.468500   5500 37201.464600 1
2   2.00 0 47459.528800 46267.973200 47459.528800   5500 47467.966900 1 53588.029700 52984.718500 53588.029700   2500 53601.440400 1
3   2.50 1 61427.984100 60668.173800 61427.984100   5000 61435.296100 1 67147.277400 66451.591300 67147.277400   3500 67168.269700 0
4   6.50 0 79954.422900 79235.158700 79954.422900   3000 79968.466100 0 83547.409000 82985.180800 83547.409000   2000 83551.825700 1
5   2.50 0 90142.945900 89618.640700 90142.945900   5000 90151.973100 1 95804.354000 95168.697300 95804.354000   2000 95818.729900 0
6   2.00 1 102205.384000 101885.496100 102205.384000   3500 102218.805100 0 106440.313600 105735.529800 106440.313600   5000 106452.203300 0
7   6.00 1 120013.327300 119519.087100 120013.327300   2000 120019.100600 0 122791.887800 122035.761800 122791.887800   3000 122802.475100 1
8   4.00 1 132399.281100 131369.280600 132399.281100   4000 132419.295400 0 137085.264900 136435.989400 137085.264900   2000 137102.673200 1
9   5.50 0 146804.885900 146169.482000 146804.885900   5500 146819.488800 1 153437.216600 152336.224300 153437.216600   4000 153452.913000 0
10   4.00 1 164691.187200 163519.732600 164691.187200   4000 164703.100000 0 169382.751500 168719.823600 169382.751500   3000 169403.154200 1
11   4.50 0 180514.766100 178469.984300 180514.766100   4000 180519.999300 1 185446.757800 184536.717400 185446.757800   2000 185453.396400 0
12   3.00 1 193014.204800 192520.187300 193014.204800   3500 193020.186400 0 197093.687700 196536.904100 197093.687700   2500 197103.577500 0
13   7.50 0 209787.252100 209170.426500 209787.252100   6000 209803.752500 1 217776.740400 215820.530700 217776.740400   2000 217787.218100 0
14   3.00 1 226099.027500 224854.028500 226099.027500   5000 226104.024800 0 234563.044200 231120.770900 234563.044200   3500 234570.769200 1
15   5.00 1 245512.230900 244637.647600 245512.230900   4000 245520.978400 0 250284.079300 249537.722700 250284.079300   2000 250304.407100 1
16   7.00 0 261456.962900 260871.192800 261456.962900   4000 261471.220100 0 266217.966100 265487.952500 266217.966100   5500 266237.982000 1
17   7.50 1 281696.231400 280804.853600 281696.231400   2000 281704.862100 0 284323.039000 283721.553400 284323.039000   6500 284338.238900 0
18   7.00 0 301609.986900 299905.159300 301609.986900   2500 301621.840100 1 304781.936400 304138.533700 304781.936400   4000 304788.555900 1
19   2.50 0 314912.036800 313388.704200 314912.036800   5000 314922.025400 1 323244.959700 319938.787800 323244.959700   3500 323255.491600 1
20   5.50 0 335205.852400 334322.334000 335205.852400   5500 335222.346000 1 341361.863700 340739.089700 341361.863700   5500 341372.430000 1
21   3.00 1 352734.791700 351939.269100 352734.791700   2000 352739.279900 0 355449.908900 354755.962200 355449.908900   2500 355455.977800 1
22   7.50 0 368576.007000 367022.836900 368576.007000   4000 368589.508000 1 376655.781100 372606.234800 376655.781100   6000 376672.974100 1
23   5.00 1 390765.390200 389739.873100 390765.390200   4000 390773.181100 0 398604.373500 394789.942300 398604.373500   2500 398623.297800 0
24   2.00 0 406754.765700 405190.097400 406754.765700   2000 406773.457700 1 423864.781400 408790.126600 423864.781400   3000 423873.678800 1
25   2.50 1 435781.654500 431440.492300 435781.654500   6500 435790.547200 0 447585.791900 442307.295300 447585.791900   2500 447590.705400 0
--------
15 :Total Won