
trial ITIJitter choice1 rts1 stim1ons_ms choice1ons_ms jitter2 jitter2_ms state rts2 stim2ons_ms choice2ons_ms jitter3 jitter3_ms won

1   3.50 1 21353.837300 19974.449600 21353.837300   3500 21374.918307 0 25469.461400 24891.174400 25469.461400   2500 25491.218900 0
2   4.00 0 35703.252700 34074.658700 35703.252700   2000 35707.988700 1 38158.868600 37724.709000 38158.868600   4500 38174.702000 1
3   5.50 0 50861.332900 50241.558100 50861.332900   3000 50874.899500 1 54447.259900 53891.618000 54447.259900   4500 54458.282400 1
4   5.50 0 66987.839500 66525.141700 66987.839500   8000 67008.482400 1 75409.657400 75025.270500 75409.657400   2500 75425.295300 1
5   3.00 0 83688.304000 82992.059800 83688.304000   2000 83708.724500 1 86095.293600 85725.398300 86095.293600   2000 86108.843000 1
6   2.00 0 92897.285900 92175.524800 92897.285900   5500 92908.863100 1 99003.314800 98425.651500 99003.314800   4000 99008.992700 1
7   5.00 0 110578.023000 110075.793700 110578.023000   5000 110592.447200 1 115929.196600 115609.207300 115929.196600   6500 115942.551800 1
8   6.00 0 130905.142700 130509.434400 130905.142700   4500 130909.429200 1 135865.646100 135426.177500 135865.646100   2500 135876.198000 0
9   2.00 0 142902.724900 142442.974000 142902.724900   4000 142909.624000 1 147354.970200 146926.369300 147354.970200   6500 147359.691400 1
10   4.50 1 160794.101900 160426.578000 160794.101900   2000 160809.887400 1 163359.248500 162826.596600 163359.248500   3500 163376.585400 1
11   6.50 1 175997.575300 175443.441400 175997.575300   4500 176010.121100 1 181200.171200 180526.844300 181200.171200   3500 181210.200200 1
12   2.50 1 189717.130400 189276.990700 189717.130400   3000 189726.991800 0 193256.043000 192743.705600 193256.043000   4500 193260.374500 0
13   6.00 0 206293.560800 205827.243600 206293.560800   2000 206310.571000 0 208913.572800 208327.296600 208913.572800   2000 208927.431600 0
14   3.00 0 216494.109500 215994.085800 216494.109500   5500 216510.872200 0 222650.040600 222027.463200 222650.040600   2000 222660.852500 0
15   7.00 0 234155.067100 233727.652800 234155.067100   5500 234161.013700 1 240131.841100 239677.764600 240131.841100   4000 240144.410800 1
16   2.50 0 250291.834400 248727.876000 250291.834400   2500 250311.253900 1 253351.873700 252827.957800 253351.873700   2000 253361.282300 0
17   6.00 1 263766.917200 263428.094700 263766.917200   4000 263778.115300 0 268464.773000 267794.818700 268464.773000   7500 268478.162200 1
18   4.00 1 282066.720300 281545.011900 282066.720300   2500 282078.353800 0 285433.769600 284595.069400 285433.769600   3000 285445.092300 1
19   5.00 1 295694.434500 295011.883700 295694.434500   5000 295711.907400 1 301811.416200 300728.655400 301811.416200   5500 301828.675200 0
20   2.50 0 312863.881200 311895.496900 312863.881200   2000 312878.834900 0 315465.803500 314895.542100 315465.803500   5500 315478.869300 1
21   3.50 1 327154.663600 326045.756900 327154.663600   2500 327162.392700 1 331279.738100 329679.083000 331279.738100   8000 331295.798400 0
22   3.50 0 345374.717200 344862.653500 345374.717200   5000 345379.317800 1 350990.296100 350396.058900 350990.296100   2000 350996.095300 0
23   2.50 1 357957.795700 357562.886200 357957.795700   7500 357962.801800 0 365888.638600 365479.626700 365888.638600   7000 365896.289700 1
24   3.00 0 378713.882000 377463.127300 378713.882000   4000 378729.825300 1 383636.257900 382746.543400 383636.257900   7500 383646.554400 0
25   3.50 1 397449.082300 396713.447300 397449.082300   4000 397463.457400 0 402417.593700 401480.149400 402417.593700   3000 402430.211200 1
--------
15 :Total Won