
trial ITIJitter choice1 rts1 stim1ons_ms choice1ons_ms jitter2 jitter2_ms state rts2 stim2ons_ms choice2ons_ms jitter3 jitter3_ms won

1   3.50 0 21740.451200 21343.303400 21740.451200   6500 21760.220500 1 28782.749900 28276.701600 28782.749900   2500 28793.374500 0
2   4.00 1 38099.668800 37360.202100 38099.668800   4500 38110.212200 1 43025.714400 42626.919200 43025.714400   2000 43043.624400 0
3   5.50 1 52865.113400 52610.406800 52865.113400   4000 52877.083300 0 57763.561600 56893.805900 57763.561600   5500 57777.146300 1
4   2.50 0 68601.194300 67343.955000 68601.194300   2000 68610.636300 1 71271.126700 70627.343900 71271.126700   4500 71277.362900 0
5   3.00 1 81970.596600 80844.170500 81970.596600   3500 81977.537200 1 86113.555600 85494.262900 86113.555600   3000 86127.609700 0
6   7.50 0 99586.538800 98694.428300 99586.538800   3000 99594.438000 1 103238.617800 102611.156100 103238.617800   4000 103244.504600 0
7   5.00 1 115058.550700 114311.343200 115058.550700   6000 115077.947000 0 122127.468200 121094.781900 122127.468200   2000 122144.782200 0
8   2.00 1 128779.533700 128211.547600 128779.533700   3500 128794.871200 0 132876.061400 132311.614400 132876.061400   5000 132894.970600 1
9   2.00 1 141845.502000 141461.738900 141845.502000   2500 141861.748300 1 144853.452100 144378.448700 144853.452100   4500 144861.793800 0
10   5.50 0 157308.290200 156928.655000 157308.290200   3000 157328.688500 0 160937.449300 160345.353500 160937.449300   8000 160945.391400 1
11   2.00 1 173193.975100 172512.237900 173193.975100   7000 173212.269900 0 180911.521400 180228.982700 180911.521400   3500 180928.996100 1
12   5.50 0 198730.348400 191495.809800 198730.348400   7500 198745.904200 1 206666.438400 206262.736100 206666.438400   3500 206679.379900 0
13   5.00 1 218040.912300 217246.221700 218040.912300   3500 218046.208600 0 222105.260700 221562.941900 222105.260700   3000 222112.965900 1
14   4.00 1 231139.303400 230679.736700 231139.303400   2500 231146.395000 0 234092.210800 233663.128100 234092.210800   2000 234113.098000 1
15   2.50 1 240567.166300 240179.889900 240567.166300   3500 240579.884600 0 244565.246800 244096.608600 244565.246800   4500 244579.964100 1
16   2.50 1 253547.212300 253146.755800 253547.212300   3500 253563.419400 0 257708.253900 257080.166000 257708.253900   4000 257713.477800 1
17   6.00 1 270502.864700 269280.327900 270502.864700   3500 270513.666700 0 274606.803700 274030.406900 274606.803700   3000 274613.773300 0
18   4.00 0 284015.753800 283680.534600 284015.753800   7000 284030.535900 1 292151.166000 291047.305200 292151.166000   2000 292164.011600 1
19   4.50 0 301387.032000 300730.800600 301387.032000   2000 301397.485300 1 303832.205700 303414.161300 303832.205700   8000 303847.498700 1
20   2.00 0 316557.263200 315947.675100 316557.263200   2500 316564.461900 0 320106.310900 319081.063000 320106.310900   2500 320114.409000 0
21   4.50 0 329503.056300 329181.214500 329503.056300   2500 329514.567100 1 332517.146100 332031.249100 332517.146100   8000 332531.274100 1
22   7.50 0 351266.966900 350098.333000 351266.966900   2500 351281.608300 0 354475.166600 353798.250700 354475.166600   3000 354481.594400 0
23   4.00 0 363979.023200 363548.419300 363979.023200   4000 363998.373900 0 368587.602200 368015.183000 368587.602200   3500 368598.429600 0
24   2.50 1 377024.095600 376665.258500 377024.095600   3000 377031.931200 1 380677.036600 380048.635100 380677.036600   4500 380682.043600 1
25   5.50 1 393272.609600 392748.851400 393272.609600   8000 393282.204800 0 401888.889800 401299.053300 401888.889800   2500 401898.967500 0
--------
12 :Total Won