
trial ITIJitter choice1 rts1 stim1ons_ms choice1ons_ms jitter2 jitter2_ms state rts2 stim2ons_ms choice2ons_ms jitter3 jitter3_ms won

1   5.50 1 23779.160700 22696.909000 23779.160700   6000 23797.372900 1 30518.118800 29813.757200 30518.118800   7000 30530.357600 1
2   4.00 1 43918.666500 43597.252800 43918.666500   2000 43931.004833 0 46643.155000 45947.281700 46643.155000   5000 46663.931900 0
3   2.00 1 55994.199700 55730.764200 55994.199700   4000 56014.075200 0 60673.059800 60030.795400 60673.059800   3500 60680.812100 1
4   4.00 0 70146.999800 69747.628400 70146.999800   4500 70164.291000 1 75255.957400 74681.024200 75255.957400   4000 75264.359000 1
5   2.50 0 84297.510500 83831.161500 84297.510500   7500 84314.491600 1 92334.932600 91831.264900 92334.932600   4000 92347.980200 0
6   7.50 1 106853.946600 105914.860200 106853.946600   2000 106864.828900 0 109675.016400 108881.541500 109675.016400   3500 109681.555400 0
7   5.00 0 120796.131400 120248.405800 120796.131400   3000 120815.047700 1 124492.766100 123831.759000 124492.766100   5500 124498.429900 1
8   3.00 1 135547.936700 135065.239200 135547.936700   2500 135565.279800 0 138805.013900 138081.959400 138805.013900   2500 138815.320700 0
9   2.00 0 146222.881700 145382.093900 146222.881700   4000 146232.091600 1 151585.739500 150248.830100 151585.739500   3500 151598.855100 1
10   3.50 1 161400.871800 160665.665900 161400.871800   3000 161415.675500 0 165161.938700 164432.362300 165161.938700   2000 165182.389800 0
11   6.00 0 175852.370400 175249.209500 175852.370400   6000 175865.894800 1 182389.906000 181882.631400 182389.906000   3000 182399.308500 1
12   4.50 0 192610.869300 191966.116300 192610.869300   3500 192616.158200 1 196894.379600 196132.843800 196894.379600   7000 196899.521100 1
13   2.50 1 208830.662500 208466.387700 208830.662500   2000 208849.699000 0 211447.650500 210866.402600 211447.650500   5000 211466.428300 1
14   2.50 0 221062.587600 220533.207600 221062.587600   7000 221066.594100 1 228553.323200 228083.327300 228553.323200   5500 228566.682300 0
15   2.50 1 239281.218700 238633.495500 239281.218700   4000 239300.179500 0 243828.763900 243316.888000 243828.763900   8000 243833.572800 1
16   6.00 1 260039.629900 259400.500900 260039.629900   2000 260050.469500 1 262591.590000 262067.159400 262591.590000   2000 262600.521900 0
17   3.50 0 270756.571700 270167.435400 270756.571700   2500 270767.322500 1 274023.244600 273284.000100 274023.244600   3000 274034.007900 0
18   5.00 1 284713.208600 284100.813100 284713.208600   2000 284717.502600 0 287318.425900 286734.212100 287318.425900   2000 287334.222100 1
19   2.50 1 293916.156600 293434.340800 293916.156600   6000 293934.323800 0 300645.587600 299951.079200 300645.587600   4500 300667.759200 0
20   2.50 0 310220.684600 309734.567400 310220.684600   2000 310234.602300 0 312978.643300 312251.251800 312978.643300   2500 312984.552800 1
21   2.00 1 319565.151700 319051.388000 319565.151700   3500 319584.718600 0 323728.511600 323101.475800 323728.511600   2500 323734.760200 0
22   4.00 0 332717.664000 332301.588800 332717.664000   2000 332734.872500 1 335314.506500 334751.587400 335314.506500   8000 335334.930100 1
23   5.50 1 351477.102200 350901.835900 351477.102200   3000 351485.175100 0 360721.468700 354501.887200 360721.468700   3500 360735.346300 1
24   3.00 0 369881.032700 368802.123700 369881.032700   3500 369885.450300 1 374233.991700 373402.167100 374233.991700   7000 374252.181900 0
25   5.00 1 388915.636500 388319.063800 388915.636500   2500 388935.734500 0 392125.996000 391452.928287 392125.996000   4000 392135.799400 1
--------
14 :Total Won