
trial ITIJitter choice1 rts1 stim1ons_ms choice1ons_ms jitter2 jitter2_ms state rts2 stim2ons_ms choice2ons_ms jitter3 jitter3_ms won

1   5.00 1 30074.591700 29325.791700 30074.591700   2500 30092.861900 0 33162.104200 32609.224700 33162.104200   3500 33175.881500 1
2   7.00 0 45945.867500 45242.729200 45945.867500   4000 45959.423500 0 50560.880100 49976.121700 50560.880100   4500 50576.175200 1
3   2.00 0 59700.475100 58642.956600 59700.475100   2000 59709.610600 1 63535.511700 61726.311400 63535.511700   3500 63543.019000 1
4   2.50 1 74118.390500 71609.789600 74118.390500   6500 74126.491500 0 81230.942300 80643.268800 81230.942300   3000 81243.312500 1
5   7.00 1 96075.900300 92810.125700 96075.900300   2000 96093.511200 0 103763.374100 98110.200000 103763.374100   7000 103777.042300 1
6   2.50 0 116077.890300 114843.746400 116077.890300   2500 116093.770900 0 119253.891000 118610.572600 119253.891000   4000 119260.528800 1
7   3.50 1 135649.373500 128327.345600 135649.373500   3500 135660.754900 1 144193.574300 139177.490900 144193.574300   3000 144210.905300 0
8   2.00 0 153505.832600 151277.683800 153505.832600   2000 153511.048900 1 157416.890700 155527.744200 157416.890700   2000 157427.761600 0
9   4.50 1 167735.763800 165994.587800 167735.763800   4000 167744.589400 0 178981.750200 171761.330400 178981.750200   6000 178994.731000 1
10   2.50 0 190281.783400 189061.626800 190281.783400   2000 190294.932600 1 203638.623700 192311.621700 203638.623700   4000 203678.471400 0
11   3.00 0 214275.495900 212745.273700 214275.495900   3500 214311.932000 1 218329.233100 217828.680300 218329.233100   3000 218345.354900 0
12   2.50 1 236082.815100 225912.129500 236082.815100   4000 236095.626900 0 254583.602500 240112.348700 254583.602500   3000 254595.899000 1
13   2.50 0 270183.514000 261662.724000 270183.514000   3000 270196.145800 1 274885.579600 273212.862100 274885.579600   3500 274896.214300 0
14   7.50 1 293387.583400 287979.747400 293387.583400   3000 293396.502300 1 297065.129000 296413.188700 297065.129000   2500 297079.887400 1
15   4.50 1 307787.575900 306146.710700 307787.575900   7000 307796.706800 0 317896.042700 314813.516100 317896.042700   3500 317913.540100 1
16   2.00 1 328125.189100 325013.651500 328125.189100   2000 328130.377000 0 339225.994600 330147.055300 339225.994600   2000 339247.192400 0
17   3.00 1 369650.944100 346313.964800 369650.944100   2000 369664.325400 1 377432.948400 371681.025100 377432.948400   3000 377447.761200 0
18   2.50 0 411305.919800 385014.549300 411305.919800   2500 411314.981000 1 414391.860000 413831.634100 414391.860000   2000 414398.362400 1
19   2.00 1 421608.246400 420465.097100 421608.246400   2000 421615.123800 0 424678.280500 423631.759200 424678.280500   3500 424698.507500 1
20   6.50 0 447876.759200 436265.329000 447876.759200   3500 447882.168200 1 452368.151700 451398.884300 452368.151700   3000 452382.193800 1
21   2.50 1 481224.751400 459949.027700 481224.751400   5500 481232.679100 0 487510.055300 486749.422000 487510.055300   3000 487516.098500 1
22   5.00 0 497799.241500 497082.966500 497799.241500   3000 497816.264800 1 507651.337900 500832.975500 507651.337900   7500 507666.391800 1
23   6.50 0 527145.100000 523733.345400 527145.100000   2000 527150.033800 1 529903.062900 529166.757800 529903.062900   4500 529916.757100 1
24   2.00 0 539372.034700 538483.568500 539372.034700   2000 539383.589000 1 542098.065100 541400.254400 542098.065100   4000 542116.949500 0
25   3.00 1 554592.602900 551183.768600 554592.602900   4000 554600.417100 0 559586.579000 558617.204200 559586.579000   3500 559600.521100 0
--------
16 :Total Won