
trial ITIJitter choice1 rts1 stim1ons_ms choice1ons_ms jitter2 jitter2_ms state rts2 stim2ons_ms choice2ons_ms jitter3 jitter3_ms won

1   3.50 1 20401.940400 19496.574200 20401.940400   5000 20429.894600 0 26364.312600 25446.652300 26364.312600   2500 26380.010300 0
2   6.00 1 37686.337200 36946.846800 37686.337200   8000 37696.832300 0 46543.376400 45713.659400 46543.376400   2000 46563.640000 0
3   3.00 0 55220.398800 53630.505000 55220.398800   2000 55230.439300 1 57876.286000 57247.149300 57876.286000   2000 57897.194300 1
4   5.50 1 68773.467000 67463.969300 68773.467000   2500 68780.650700 0 72091.202200 71297.349800 72091.202200   2500 72097.363200 0
5   5.50 1 82722.175500 82164.201200 82722.175500   4000 82730.876300 0 87688.339200 86747.589500 87688.339200   4500 87697.613400 0
6   2.50 0 98118.836100 96764.414900 98118.836100   4000 98131.097400 1 103005.267900 102147.810200 103005.267900   2000 103014.484900 1
7   3.50 1 111325.126000 110581.276400 111325.126000   6500 111331.294300 0 118669.193400 117848.113100 118669.193400   2000 118681.840919 0
8   6.50 1 129892.042200 129248.221800 129892.042200   3000 129898.238100 0 134544.046000 132914.952900 134544.046000   6500 134564.986000 0
9   4.00 0 147694.230500 147131.853200 147694.230500   7500 147698.505000 1 155769.681300 155215.256700 155769.681300   4500 155781.994700 1
10   8.00 1 171242.183000 170348.850000 171242.183000   3000 171248.874300 0 174998.662000 174265.579500 174998.662000   4000 175015.570700 0
11   6.00 1 187751.645900 187082.431000 187751.645900   5000 187765.764600 0 193513.914500 192782.536700 193513.914500   7500 193532.522700 0
12   2.00 0 205923.145800 205099.365100 205923.145800   3500 205932.723100 1 209990.186800 209449.424600 209990.186800   8000 209999.430300 1
13   2.50 1 223341.028100 222566.317000 223341.028100   5500 223349.648800 0 229557.590000 228866.383500 229557.590000   2000 229566.366300 1
14   6.50 1 240126.549900 239633.229100 240126.549900   2500 240133.235100 0 243391.967300 242649.937900 243391.967300   2000 243399.955800 1
15   2.50 1 250027.842100 249466.706300 250027.842100   3000 250033.384100 0 253729.777400 253050.102000 253729.777400   3500 253750.091100 1
16   2.50 1 261912.946500 261316.893000 261912.946500   2000 261916.881800 1 264660.973600 263933.576400 264660.973600   7500 264666.938600 0
17   3.00 0 277769.433800 277233.781700 277769.433800   7500 277783.802000 1 285913.106100 285300.605600 285913.106100   6500 285933.918000 1
18   2.00 1 297261.051300 296500.752600 297261.051300   3000 297267.432900 0 300844.387200 300284.135700 300844.387200   7500 300850.840800 1
19   6.50 1 317303.987500 316417.716200 317303.987500   2500 317317.728300 0 320640.867900 319834.461200 320640.867900   6000 320651.113500 1
20   2.00 0 331698.909900 330251.273300 331698.909900   6000 331717.934900 1 338432.744300 337734.737600 338432.744300   4000 338451.375400 1
21   3.50 1 348544.817000 348018.225000 348544.817000   2000 348551.529000 0 351230.958000 350568.284600 351230.958000   6000 351251.598900 0
22   2.00 1 362196.312500 361318.423900 362196.312500   4000 362201.738000 0 366815.301900 366218.454900 366815.301900   5000 366835.137100 0
23   8.00 0 382391.917000 381902.028500 382391.917000   2500 382402.042000 1 385418.288300 384918.742000 385418.288300   3500 385435.410600 0
24   7.00 1 398458.265100 398002.247200 398458.265100   4500 398468.957400 0 403450.730000 402985.695900 403450.730000   3500 403469.022900 1
25   5.50 1 414610.715800 414035.849700 414610.715800   2500 414619.198100 0 417903.220800 417135.901900 417903.220800   2000 417919.246100 0
--------
12 :Total Won