
trial ITIJitter choice1 rts1 stim1ons_ms choice1ons_ms jitter2 jitter2_ms state rts2 stim2ons_ms choice2ons_ms jitter3 jitter3_ms won

1   6.00 1 25325.842300 24459.941900 25325.842300   3500 25343.631400 0 29394.811600 28860.035200 29394.811600   4000 29410.009200 1
2   5.00 1 40360.769100 39976.846100 40360.769100   2500 40376.837200 0 43460.727600 42893.556900 43460.727600   3000 43476.875000 1
3   4.00 1 52529.884900 52043.696700 52529.884900   2000 52543.731600 1 55198.888600 54560.386500 55198.888600   4000 55210.371500 0
4   2.50 0 64233.768200 63777.192100 64233.768200   2000 64243.859200 1 66770.607000 66260.561100 66770.607000   4500 66777.225700 0
5   5.50 1 79288.726900 78844.088000 79288.726900   2000 79294.088900 0 81843.872200 81310.803200 81843.872200   2000 81860.828700 1
6   2.50 1 88323.668900 87927.581500 88323.668900   2000 88344.220200 0 90871.744700 90360.902800 90871.744700   8000 90877.587800 1
7   4.00 1 105738.635600 104444.486400 105738.635600   3500 105744.475500 0 109827.281700 109261.200500 109827.281700   7000 109844.542000 1
8   7.50 1 126941.811600 125911.479400 126941.811600   2500 126961.508400 0 130106.773400 129478.183000 130106.773400   5000 130111.512000 1
9   3.50 1 140838.175200 140178.368100 140838.175200   3000 140845.010600 0 144570.196400 143861.726700 144570.196400   3000 144578.437800 0
10   3.50 0 153705.720300 153145.229200 153705.720300   3000 153711.868800 0 157333.167700 156728.581300 157333.167700   7500 157345.256300 1
11   5.00 1 171749.564200 171412.138000 171749.564200   4500 171762.130100 0 176773.511900 176278.881200 176773.511900   5000 176778.856500 1
12   2.00 1 185952.677300 185345.705700 185952.677300   2000 185962.343200 0 188745.428100 187979.034800 188745.428100   6500 188762.401500 1
13   3.00 1 200525.750700 199829.237000 200525.750700   5500 200545.893600 0 206589.614000 206062.670900 206589.614000   4500 206595.990200 0
14   2.50 0 217184.605400 215662.796000 217184.605400   2500 217196.145300 1 220244.515400 219712.877400 220244.515400   2000 220262.859100 1
15   2.00 0 227191.440500 226362.944800 227191.440500   2000 227212.983600 0 231248.330300 229229.663300 231248.330300   2500 231263.019400 0
16   2.00 1 238129.508000 237829.819700 238129.508000   4500 238146.489900 0 243156.057400 242663.192300 243156.057400   2000 243163.218500 0
17   2.00 0 249851.468100 249229.979200 249851.468100   3000 249863.333400 1 253368.446100 252880.016700 253368.446100   4000 253380.026400 0
18   5.00 0 265017.372300 264446.898200 265017.372300   4500 265030.195700 1 270077.410300 269546.965000 270077.410300   4000 270096.931000 1
19   2.00 0 278933.406500 278163.705900 278933.406500   3000 278947.072300 1 282850.913200 281963.795600 282850.913200   3000 282863.792000 1
20   2.00 0 290623.875900 289930.586100 290623.875900   2500 290630.578300 1 293741.350400 293147.720600 293741.350400   2000 293747.321200 1
21   4.50 0 302907.189000 302314.099000 302907.189000   4000 302914.095600 0 307438.424600 306930.823700 307438.424600   4500 307447.481600 1
22   3.00 0 316997.261800 316514.301200 316997.261800   2000 317014.286500 1 319600.885600 319030.995900 319600.885600   3000 319614.344100 0
23   3.50 1 328486.849400 328181.169900 328486.849400   7500 328497.820200 0 336549.134600 336014.591200 336549.134600   2500 336564.603700 1
24   2.50 1 343642.160700 343131.376000 343642.160700   4000 343648.065400 0 348094.830200 347664.759300 348094.830200   5500 348114.767900 0
25   7.50 0 363781.281400 363181.611200 363781.281400   4000 363798.337300 1 368369.712700 367815.072800 368369.712700   5500 368381.768400 1
--------
16 :Total Won