
trial ITIJitter choice1 rts1 stim1ons_ms choice1ons_ms jitter2 jitter2_ms state rts2 stim2ons_ms choice2ons_ms jitter3 jitter3_ms won

1   2.50 1 25292.790900 24816.544400 25292.790900   6500 25317.021461 0 32317.210500 31833.334200 32317.210500   3000 32333.366500 0
2   2.50 0 40292.045500 39900.154200 40292.045500   3000 40300.124000 1 43704.241800 43316.848700 43704.241800   4500 43716.835600 1
3   4.50 0 55415.170300 54783.730900 55415.170300   3500 55433.692100 0 59539.155500 58950.420700 59539.155500   5500 59550.407100 0
4   2.00 1 69463.687000 69117.218700 69463.687000   3500 69483.870900 0 73466.215400 73000.601100 73466.215400   3500 73483.960800 0
5   5.50 0 84911.144100 84550.814200 84911.144100   6000 84917.427900 0 91560.069500 90934.253800 91560.069500   8000 91567.521300 0
6   2.50 1 104864.863900 104134.423400 104864.863900   3000 104884.406900 0 108498.821700 107901.114000 108498.821700   6000 108517.826700 0
7   2.50 1 119407.508700 119084.643200 119407.508700   3000 119417.986800 0 122977.947200 122434.696400 122977.947200   3000 122984.671700 1
8   3.50 0 131607.075700 131051.498200 131607.075700   4500 131618.154100 1 136683.077600 136134.886300 136683.077600   8000 136701.619100 1
9   4.50 0 152223.787300 151268.480100 152223.787300   4000 152235.127600 1 157357.530600 156251.856600 157357.530600   3000 157368.554200 1
10   4.00 0 166953.472400 166435.355400 166953.472400   2000 166968.718600 1 169648.005600 168985.367600 169648.005600   6000 169652.061600 1
11   3.50 0 181649.901500 181218.900900 181649.901500   3500 181668.898800 0 185844.967800 185185.620800 185844.967800   4000 185852.300600 1
12   2.00 0 193949.341200 193419.076200 193949.341200   3500 193969.080500 1 197978.849500 197485.837300 197978.849500   2500 197985.814100 1
13   2.00 0 205140.466300 204552.582300 205140.466300   2500 205152.591300 0 208255.400000 207669.294500 208255.400000   4000 208269.414400 0
14   4.00 0 219018.351300 218336.174500 219018.351300   7000 219036.151400 1 226510.826700 226052.928900 226510.826700   4500 226519.568600 1
15   4.00 0 237444.880500 237086.396000 237444.880500   3500 237453.075100 0 241554.837500 240969.794200 241554.837500   7500 241569.792400 1
16   4.50 0 255478.803200 255136.679600 255478.803200   3000 255486.693700 1 259369.826400 258503.380600 259369.826400   2000 259386.748500 0
17   3.50 0 267378.895200 266953.506900 267378.895200   8000 267386.864300 1 275941.655000 275403.787400 275941.655000   5000 275953.641600 1
18   2.00 0 285470.724900 285053.786000 285470.724900   5500 285487.127000 1 291695.199000 291003.871800 291695.199000   2000 291703.880600 0
19   6.00 0 302191.508500 301770.695900 302191.508500   7500 302204.036100 1 310073.698100 309720.849800 310073.698100   4500 310087.445000 1
20   4.50 0 321795.236100 321154.333200 321795.236100   2000 321804.326800 1 324247.658000 323821.023500 324247.658000   7000 324254.366300 0
21   6.00 1 339641.112900 339321.264700 339641.112900   2000 339654.630900 0 342289.210900 341671.289700 342289.210900   5000 342304.639100 1
22   3.50 1 352842.763900 352371.451500 352842.763900   2500 352854.801400 0 355953.590600 355371.500300 355953.590600   6500 355971.536400 1
23   3.50 1 369247.505400 367538.378600 369247.505400   2000 369255.057000 0 372432.124100 371271.744100 372432.124100   4000 372438.415900 1
24   2.50 1 381024.604800 380505.218100 381024.604800   3000 381038.557400 0 384867.453500 384055.294600 384867.453500   4500 384888.612900 1
25   4.00 1 395326.578400 394955.414900 395326.578400   4000 395338.767200 1 400025.591700 399355.493500 400025.591700   2000 400038.850400 0
--------
15 :Total Won