
trial ITIJitter choice1 rts1 stim1ons_ms choice1ons_ms jitter2 jitter2_ms state rts2 stim2ons_ms choice2ons_ms jitter3 jitter3_ms won

1   6.50 1 23172.378200 22650.994300 23172.378200   4000 23201.230800 0 27819.932500 27217.726400 27819.932500   2500 27834.390700 0
2   5.50 1 38630.924600 37901.236400 38630.924600   5500 38651.189400 0 44847.883600 44167.977600 44847.883600   2500 44867.986500 1
3   4.50 0 55062.799800 53434.800700 55062.799800   4500 55068.163300 1 60286.782800 59584.881800 60286.782800   2000 60301.591900 1
4   4.50 0 69648.383600 68868.361100 69648.383600   2500 69668.395900 1 78098.787800 72185.081200 78098.787800   5000 78118.490100 1
5   8.00 0 94395.741700 93185.400700 94395.741700   3500 94402.102100 1 107076.873700 97918.798700 107076.873700   8000 107085.596100 1
6   3.50 1 122219.699000 120652.513100 122219.699000   3500 122235.838400 0 131903.754200 125752.552800 131903.754200   2000 131919.315900 1
7   4.50 1 141006.741200 139986.126800 141006.741200   4500 141019.454200 0 147332.637800 145536.183900 147332.637800   4500 147352.889400 0
8   3.00 0 158221.586300 156919.690100 158221.586300   2500 158236.397400 1 164175.249600 160753.078600 164175.249600   6500 164186.468000 1
9   2.00 1 175739.657700 174753.298400 175739.657700   3000 175753.322600 0 194763.190300 178770.033500 194763.190300   2500 194770.288500 1
10   4.00 1 235064.558200 202837.085600 235064.558200   3500 235070.852100 0 246812.436900 238587.596700 246812.436900   2000 246821.061200 1
11   3.50 0 259704.608400 253887.841300 259704.608400   2000 259721.268700 1 282001.241400 261737.936000 282001.241400   5000 282021.578100 1
12   3.50 1 300076.186700 292588.424200 300076.186700   7000 300088.551300 0 307854.385300 307105.305400 307854.385300   4500 307871.967700 0
13   8.00 1 343792.510000 322438.855000 343792.510000   3000 343805.806100 0 347481.312400 346822.576100 347481.312400   6000 347489.253000 0
14   2.50 1 363463.215700 358056.079900 363463.215700   2500 363506.126500 0 369077.122100 366022.881500 369077.122100   8000 369089.571600 1
15   3.50 1 383089.784700 382189.769100 383089.784700   5500 383106.484600 1 393489.130000 388623.179200 393489.130000   7000 393506.595900 0
16   2.50 0 421521.767400 405090.127200 421521.767400   2000 421540.360500 1 426238.081800 423557.052800 426238.081800   2500 426257.107600 1
17   5.00 0 436770.751300 435823.914500 436770.751300   5000 436790.614000 0 442556.095000 441807.361300 442556.095000   6000 442574.018400 1
18   2.00 0 461335.250700 452140.861800 461335.250700   2000 461340.931800 1 473295.026500 463357.669500 473295.026500   2000 473307.807600 0
19   2.00 0 487373.580300 479374.562700 487373.580300   2000 487391.377800 1 490068.897600 489408.055200 490068.897600   7000 490074.808700 0
20   3.00 0 507562.606100 502141.601200 507562.606100   7500 507574.995600 0 523122.905100 515091.785000 523122.905100   7500 523141.937200 1
21   3.50 1 537289.996400 535708.752100 537289.996400   2500 537308.797200 0 540472.768400 539825.499700 540472.768400   5000 540492.161500 1
22   4.00 0 552182.879700 551059.038900 552182.879700   3500 552192.330500 0 556370.512200 555709.118100 556370.512200   2500 556375.718100 1
23   2.50 0 572681.970500 562942.497900 572681.970500   4500 572692.640900 1 597470.396000 577209.412800 597470.396000   5500 597476.344900 0
24   4.50 1 612146.889800 609543.212400 612146.889800   2000 612159.904300 0 616134.819300 614176.601600 616134.819300   3000 616143.312600 1
25   4.00 0 629587.821400 624710.111600 629587.821400   6500 629593.530600 1 691871.300600 636110.270400 691871.300600   3000 691877.788500 0
--------
16 :Total Won