
trial ITIJitter choice1 rts1 stim1ons_ms choice1ons_ms jitter2 jitter2_ms state rts2 stim2ons_ms choice2ons_ms jitter3 jitter3_ms won

1   3.00 0 21557.269500 19389.542000 21557.269500   2500 21573.369500 0 25493.445600 24089.648200 25493.445600   2000 25506.382900 1
2   6.00 0 35486.852000 35073.117100 35486.852000   7500 35506.500800 0 43938.428900 43023.297400 43938.428900   2500 43956.619000 1
3   2.00 0 51554.136000 50023.374900 51554.136000   6500 51573.394800 0 58594.275400 58090.209900 58594.275400   3000 58606.852000 1
4   3.00 0 66974.276200 66173.652700 66974.276200   5500 66990.452800 0 73211.278500 72507.042900 73211.278500   6500 73223.769000 1
5   2.50 0 85668.870000 83790.621900 85668.870000   2500 85690.592200 1 88751.941900 88207.329000 88751.941900   2000 88757.304500 0
6   2.00 1 95263.953000 94824.110200 95263.953000   3500 95274.172300 1 102965.185000 98790.844400 102965.185000   3500 102974.244400 0
7   2.50 1 112735.905300 111041.048400 112735.905300   8000 112741.060000 1 121240.957300 120757.931100 121240.957300   6000 121257.873400 1
8   5.00 1 134635.192900 134324.759900 134635.192900   2500 134641.411300 1 137587.194700 137158.132700 137587.194700   4000 137608.135200 0
9   3.50 0 147557.390400 147174.990100 147557.390400   2500 147574.966200 0 150883.363000 150091.675700 150883.363000   3500 150891.709400 1
10   5.50 1 161847.220500 161458.526800 161847.220500   3000 161858.501300 0 165391.134400 164875.250900 165391.134400   2500 165408.576300 1
11   2.50 1 172647.116000 171975.332000 172647.116000   2000 172658.689200 0 175211.241700 174675.412200 175211.241700   2000 175225.410200 1
12   3.50 1 183080.874500 182292.235600 183080.874500   3000 183092.219200 0 186664.377700 186109.214600 186664.377700   3500 186675.613800 1
13   5.00 1 198992.509100 196742.441300 198992.509100   2500 199009.161500 1 201919.979900 201525.806200 201919.979900   3500 201925.843200 1
14   3.00 1 211106.884000 210525.970800 211106.884000   3000 211126.004900 1 214869.381700 214142.715100 214869.381700   5000 214876.050800 0
15   2.50 0 225063.291000 224442.914900 225063.291000   2500 225076.221000 0 228095.347200 227592.904800 228095.347200   5500 228109.685700 1
16   5.50 0 241181.297200 240676.472100 241181.297200   4500 241193.157300 0 246498.357600 245709.967600 246498.357600   5000 246509.911000 0
17   4.00 1 260488.941400 257576.740400 260488.941400   3000 260493.425800 1 263955.428800 263510.185000 263955.428800   6000 263960.193600 1
18   5.00 1 279197.954500 277027.092100 279197.954500   4000 279210.451500 1 284471.880700 283227.215300 284471.880700   6500 284477.195100 1
19   3.50 1 299558.180200 296544.115800 299558.180200   4000 299577.463200 1 304136.272800 303594.188100 304136.272800   6000 304144.216000 1
20   2.00 1 314843.298100 314211.025900 314843.298100   2000 314861.051000 1 321000.227100 316877.728700 321000.227100   3000 321011.119900 0
21   4.50 0 331375.399900 330577.962300 331375.399900   2000 331394.631400 0 335982.540000 333411.374700 335982.540000   3000 335994.707200 0
22   2.50 1 345750.264100 343561.533800 345750.264100   4500 345761.531900 1 350745.481400 350278.270800 350745.481400   2000 350761.568300 1
23   5.50 1 361189.017600 360328.442800 361189.017600   4000 361195.109400 1 365715.275400 365211.849100 365715.275400   2500 365728.497800 1
24   3.00 1 374023.001800 373295.315500 374023.001800   3500 374028.672800 1 378414.427800 377545.385000 378414.427800   4000 378428.773200 0
25   4.50 0 389862.308700 388995.601900 389862.308700   7000 389878.950100 0 397441.233200 396895.773200 397441.233200   3000 397445.728900 0
--------
16 :Total Won