
trial ITIJitter choice1 rts1 stim1ons_ms choice1ons_ms jitter2 jitter2_ms state rts2 stim2ons_ms choice2ons_ms jitter3 jitter3_ms won

1   2.50 1 20644.855200 17894.329300 20644.855200   4500 20661.425300 1 25671.871300 25177.834800 25671.871300   2500 25694.478200 0
2   4.00 0 34640.842600 34261.287700 34640.842600   5000 34661.326000 1 40372.826400 39678.042700 40372.826400   2500 40378.032800 1
3   2.50 0 47951.860000 47444.841800 47951.860000   2500 47961.521600 0 51343.353100 50478.291100 51343.353100   6000 51361.571600 0
4   3.50 0 63368.762900 62928.440700 63368.762900   3000 63378.427900 0 66974.391200 66395.152600 66974.391200   4500 66978.474900 0
5   2.00 1 76009.385900 75545.263500 76009.385900   7000 76028.620500 0 83910.879100 83045.463600 83910.879100   3000 83928.789200 1
6   2.00 1 91039.847000 90495.580100 91039.847000   3500 91045.552700 1 95091.938800 94562.269200 95091.938800   3000 95112.278700 0
7   3.50 1 104384.170000 103679.103600 104384.170000   3000 104395.768400 1 107787.335700 107412.490300 107787.335700   5000 107795.841500 0
8   2.50 1 117940.328300 117362.643500 117940.328300   3000 117945.981200 1 121420.398400 120962.715000 121420.398400   2500 121429.375300 1
9   5.50 1 131843.952800 131496.246800 131843.952800   3500 131862.884600 1 135719.904800 135379.615200 135719.904800   2500 135729.606100 1
10   3.50 1 144536.199400 143796.449100 144536.199400   3000 144546.458100 1 147961.961700 147563.107000 147961.961700   7500 147979.810100 0
11   3.00 0 161051.428100 160546.691400 161051.428100   2000 161063.356400 0 163889.893100 163080.082800 163889.893100   6000 163896.742200 0
12   4.50 0 178575.458600 176463.641100 178575.458600   4500 178580.302800 0 183816.285600 183097.084800 183816.285600   6500 183830.353200 1
13   3.00 0 195691.340600 194897.249800 195691.340600   3500 195697.196600 0 199754.956100 199213.986500 199754.956100   6000 199764.000500 1
14   3.50 0 213788.322100 210830.866000 213788.322100   4000 213797.571200 0 218280.336700 217814.261300 218280.336700   7000 218297.631000 1
15   8.00 0 235454.853800 234864.563000 235454.853800   2000 235464.595700 0 238058.256100 237481.281600 238058.256100   5000 238064.610100 1
16   2.00 0 247097.363700 246631.465100 247097.363700   2000 247114.838200 0 249733.290500 249131.479700 249733.290500   2000 249748.128300 0
17   4.00 1 258228.299200 257814.966800 258228.299200   2000 258248.237600 1 260713.178000 260264.991600 260713.178000   2000 260731.652900 0
18   2.00 1 267532.259300 266798.426700 267532.259300   5500 267548.448300 1 273550.476700 273065.230800 273550.476700   2500 273565.200900 1
19   3.00 1 281646.485400 281132.020600 281646.485400   7500 281665.352700 1 289794.198100 289182.117700 289794.198100   3000 289798.811700 0
20   4.50 0 299751.416900 299365.644300 299751.416900   6000 299765.625400 0 306194.439300 305782.383000 306194.439300   2000 306199.086800 0
21   6.00 1 317462.298000 316265.900300 317462.298000   4500 317482.573400 1 322788.508400 321999.325800 322788.508400   2000 322799.332900 0
22   3.50 1 331357.293200 330366.119500 331357.293200   4500 331366.131200 0 336369.558900 335882.876200 336369.558900   4500 336382.886000 1
23   4.50 1 347458.385600 346983.066000 347458.385600   2000 347466.352200 1 350052.344300 349483.093300 350052.344300   2500 350066.398500 1
24   4.00 1 359890.007300 358633.295300 359890.007300   5500 359899.936500 1 365958.471500 365416.675300 365958.471500   4500 365966.690700 0
25   2.00 1 375881.397500 374533.535300 375881.397500   3500 375900.208900 0 380358.985700 379416.922800 380358.985700   4000 380366.929100 1
--------
12 :Total Won