
trial ITIJitter choice1 rts1 stim1ons_ms choice1ons_ms jitter2 jitter2_ms state rts2 stim2ons_ms choice2ons_ms jitter3 jitter3_ms won

1   3.00 1 22557.579300 21946.489200 22557.579300   3500 22580.193100 1 26676.712800 26096.530700 26676.712800   3000 26696.519300 0
2   5.00 0 37320.541100 36763.406800 37320.541100   3000 37329.957900 0 40955.656100 40346.842100 40955.656100   4500 40963.450800 0
3   4.50 1 53017.324000 52030.326400 53017.324000   3000 53030.325000 1 56403.585700 56047.086400 56403.585700   2000 56413.678500 0
4   5.00 1 65792.674000 65480.510800 65792.674000   2500 65797.174100 0 68688.705200 68313.886900 68688.705200   4000 68697.334500 0
5   5.00 1 80349.823800 79764.089900 80349.823800   2500 80364.089700 1 83505.280400 82880.950900 83505.280400   4000 83514.149400 0
6   4.00 1 94061.287500 93581.028800 94061.287500   2500 94081.021200 1 97128.724500 96597.781900 97128.724500   2000 97147.699700 0
7   4.00 0 105567.733900 105214.525600 105567.733900   2000 105581.162300 0 107994.320400 107597.860800 107994.320400   4000 108014.559800 0
8   3.50 0 117928.283100 117581.385600 117928.283100   6000 117948.026300 1 124621.711700 123964.792500 124621.711700   3000 124631.474600 1
9   7.50 0 137638.760000 137198.323800 137638.760000   5000 137648.511200 0 143894.342600 142665.092100 143894.342600   4500 143915.112300 0
10   7.50 0 158574.306500 157982.036300 158574.306500   4500 158582.047600 0 163942.601800 163098.773600 163942.601800   5000 163948.743000 0
11   6.50 1 177945.578000 177515.682000 177945.578000   4500 177965.643200 1 182867.570400 182482.416800 182867.570400   2000 182882.428800 1
12   3.50 1 190825.620000 190449.202000 190825.620000   3000 190832.525800 1 194230.590000 193849.317900 194230.590000   2000 194249.276900 1
13   7.50 1 206217.691500 205816.141200 206217.691500   6500 206232.804500 0 213533.266500 212749.581500 213533.266500   2000 213549.614000 0
14   4.00 1 222108.333700 221616.416200 222108.333700   4000 222116.452400 1 226513.728400 226133.138700 226513.728400   7000 226533.130700 1
15   2.00 1 238116.723500 237599.995900 238116.723500   8000 238133.325000 1 246526.302200 246150.160500 246526.302200   7000 246533.487500 1
16   3.00 1 258939.715900 258600.322400 258939.715900   2500 258950.297100 1 262067.641000 261467.087000 262067.641000   2000 262083.710600 1
17   2.00 1 268886.318800 268150.483600 268886.318800   5500 268900.484300 1 274840.740000 274417.308600 274840.740000   4000 274850.593200 1
18   3.50 1 285112.751000 284417.392200 285112.751000   3000 285117.432700 1 288619.345900 288134.137300 288619.345900   6500 288634.144800 1
19   2.00 1 300035.614900 299200.994100 300035.614900   7000 300051.000600 1 307505.624500 307067.850000 307505.624500   5500 307517.784600 0
20   2.50 1 318524.708900 317584.630400 318524.708900   5000 318534.676100 1 324145.369300 323551.394600 324145.369300   5000 324151.410700 0
21   2.50 0 334269.777100 333718.228400 334269.777100   2000 334284.889300 0 337543.629100 336301.595400 337543.629100   3500 337551.610900 1
22   5.50 0 348561.394600 348118.453600 348561.394600   8000 348568.427000 0 356969.660100 356585.284600 356969.660100   2500 356985.274700 0
23   3.00 0 365094.769300 364552.097300 365094.769300   2000 365102.017600 0 367639.681000 367118.755500 367639.681000   2000 367652.070800 1
24   2.50 0 374256.774300 373768.875400 374256.774300   3000 374268.882800 1 378340.380500 377285.591700 378340.380500   2000 378352.285900 0
25   2.50 0 385721.878100 384919.083700 385721.878100   2500 385735.728000 0 388895.873400 388252.498600 388895.873400   3500 388902.410100 0
--------
10 :Total Won