
trial ITIJitter choice1 rts1 stim1ons_ms choice1ons_ms jitter2 jitter2_ms state rts2 stim2ons_ms choice2ons_ms jitter3 jitter3_ms won

1   6.50 1 29093.971400 25905.829500 29093.971400   3000 29122.959900 1 32824.006100 32155.907800 32824.006100   4500 32839.222700 1
2   6.50 1 46337.021700 45922.827600 46337.021700   2500 46356.125200 0 49724.420200 48872.907000 49724.420200   8000 49739.570700 0
3   3.00 1 63933.475100 62806.502600 63933.475100   2000 63939.762800 1 67290.352900 65956.460800 67290.352900   3500 67306.499900 0
4   5.00 0 78476.338000 77873.344500 78476.338000   4000 78490.033000 0 83148.486500 82506.771600 83148.486500   2000 83156.729600 0
5   4.00 1 91804.300500 91223.569500 91804.300500   4000 91823.593600 1 96451.852800 95840.297400 96451.852800   3000 96456.946000 1
6   2.50 1 106132.436100 104023.766900 106132.436100   3000 106140.475400 1 109676.473300 109157.199600 109676.473300   2000 109690.519700 1
7   2.00 1 116306.247100 115757.323900 116306.247100   8000 116323.984000 1 125319.939400 124340.897100 125319.939400   6500 125340.784900 1
8   5.50 0 139869.007200 139407.660600 139869.007200   5500 139874.361800 0 145819.366900 145391.162100 145819.366900   6000 145824.440200 0
9   2.00 1 156559.527900 155891.279100 156559.527900   2500 156574.633100 1 159674.041500 159091.356800 159674.041500   3500 159691.305000 1
10   4.50 0 170998.310900 169758.175700 170998.310900   2500 171008.195000 0 174029.962300 173524.896900 174029.962300   2500 174041.563100 0
11   4.50 1 183693.418400 183108.389200 183693.418400   3500 183708.347300 1 187993.316100 187225.124000 187993.316100   6500 188008.418300 1
12   7.00 1 204164.990400 203575.396900 204164.990400   2000 204175.385800 0 206999.590100 206192.069400 206999.590100   2500 207008.844400 1
13   5.00 1 217482.698000 216075.619400 217482.698000   3000 217492.282900 0 221075.561200 220509.067900 221075.561200   7500 221092.411800 0
14   5.00 0 236683.088100 235659.221300 236683.088100   3500 236692.562500 0 242171.999200 240209.363500 242171.999200   2500 242192.836300 0
15   3.00 1 250357.563300 249759.453900 250357.563300   2500 250376.128400 1 253596.441500 252892.897500 253596.441500   8000 253609.573000 1
16   2.50 1 267038.497400 266176.409900 267038.497400   3000 267043.104200 1 271077.085600 270059.855400 271077.085600   4000 271093.206300 0
17   6.50 1 284433.608000 283660.015800 284433.608000   5000 284443.359000 1 290155.430400 289460.136400 290155.430400   2000 290160.156600 1
18   3.50 1 308912.504100 297726.917800 308912.504100   3000 308927.118300 1 312532.472200 311943.834200 312532.472200   3000 312543.813700 1
19   4.50 1 322724.363900 322160.673300 322724.363900   7000 322743.946200 1 330705.087500 329760.809600 330705.087500   3000 330727.465500 0
20   5.00 0 341159.057200 340794.283800 341159.057200   6000 341177.566700 0 348242.599500 347194.393100 348242.599500   5000 348261.075400 1
21   2.00 0 357841.439500 356827.902800 357841.439500   3000 357861.216800 0 361776.284900 360877.936800 361776.284900   7000 361794.625200 1
22   5.50 1 378468.444500 375861.513800 378468.444500   5000 378478.256900 1 384109.407200 383494.982200 384109.407200   2500 384128.347600 0
23   2.00 0 391558.568300 390695.089100 391558.568300   2000 391578.440000 0 394087.465600 393595.162500 394087.465600   5000 394095.173600 1
24   5.00 0 407091.357300 405662.003700 407091.357300   6000 407112.024100 1 413613.117200 413128.802800 413613.117200   3000 413628.827400 0
25   2.50 1 421709.085900 421195.598700 421709.085900   4500 421728.935800 1 426993.047600 426245.669300 426993.047600   3000 427012.351000 0
--------
13 :Total Won