
trial ITIJitter choice1 rts1 stim1ons_ms choice1ons_ms jitter2 jitter2_ms state rts2 stim2ons_ms choice2ons_ms jitter3 jitter3_ms won

1   3.00 1 25359.690800 24220.539800 25359.690800   2500 25387.508200 1 28429.477500 27903.925000 28429.477500   5000 28437.266200 1
2   4.50 1 40636.516800 40004.153200 40636.516800   2000 40654.156600 1 43286.494200 42670.878600 43286.494200   8000 43304.103400 1
3   4.50 0 58527.443600 57871.082500 58527.443600   4000 58537.754800 0 63032.143700 62554.492000 63032.143700   5000 63037.836200 0
4   3.00 0 76936.763700 73104.630600 76936.763700   3000 76954.709400 1 80632.146400 79971.446800 80632.146400   3500 80638.113800 1
5   3.00 0 90069.154300 89204.934500 90069.154300   3500 90088.261000 1 93986.690100 93604.993100 93986.690100   3500 94005.002200 1
6   4.50 0 104486.759700 104071.852100 104486.759700   4500 104505.180900 0 109657.208500 109021.912600 109657.208500   8000 109671.941200 1
7   2.50 1 122444.440600 121738.808200 122444.440600   2000 122455.502900 1 124909.223300 124472.181000 124909.223300   2500 124922.177500 1
8   2.00 1 132162.201400 131488.923900 132162.201400   3500 132172.327300 1 136137.561000 135688.992900 136137.561000   4500 136155.717700 1
9   2.50 1 145553.690900 145222.586000 145553.690900   3000 145572.553300 1 149221.210700 148589.422800 149221.210700   4000 149239.255800 1
10   3.00 0 158634.568300 158306.087800 158634.568300   3000 158639.362600 1 162166.271200 161656.128300 162166.271200   2500 162172.734200 1
11   2.00 0 169160.628100 168739.622300 169160.628100   6000 169172.831100 1 176062.606200 175189.653800 176062.606200   2500 176073.041500 0
12   5.50 0 186701.222500 186139.860400 186701.222500   4500 186706.511700 1 191827.663400 191223.241100 191827.663400   5500 191839.900700 1
13   3.00 1 203312.642600 202440.118800 203312.642600   4500 203323.462700 1 209920.165800 207840.213600 209920.165800   6500 209940.259000 1
14   5.00 1 224041.440800 223507.090000 224041.440800   2500 224057.150100 1 227348.750700 226573.812300 227348.750700   2000 227357.164500 1
15   5.00 1 236991.254800 236423.964700 236991.254800   3500 237007.385200 1 241059.703700 240524.089200 241059.703700   7500 241074.060500 1
16   2.00 0 253077.859800 252640.921400 253077.859800   2000 253090.914800 0 255614.183100 255107.779400 255614.183100   5000 255624.285500 0
17   5.00 0 268157.650500 267691.143900 268157.650500   2000 268174.513500 0 270967.797600 270191.206100 270967.797600   7500 270974.602500 1
18   2.00 0 282663.603400 282041.435600 282663.603400   2500 282674.703100 0 285598.511900 285191.497000 285598.511900   3000 285608.113900 1
19   3.00 1 293804.826800 293174.962300 293804.826800   4000 293824.881600 1 298281.192100 297841.719600 298281.192100   2500 298291.719400 0
20   2.00 1 305477.644200 304858.505100 305477.644200   7500 305491.749700 1 313657.343500 313008.516800 313657.343500   3000 313675.300700 0
21   5.00 0 324475.762000 323742.105500 324475.762000   3000 324492.071200 0 327972.540100 327508.846700 327972.540100   2500 327992.177100 1
22   2.50 0 334922.617900 334558.930600 334922.617900   3500 334942.288600 0 338950.580700 338458.965600 338950.580700   5500 338959.013700 0
23   4.50 1 351591.546300 351025.897100 351591.546300   3000 351609.193300 1 355181.833100 354625.890900 355181.833100   4000 355192.597100 0
24   2.50 0 364229.279400 363759.379800 364229.279400   3500 364242.706900 1 368533.749500 367759.458600 368533.749500   3000 368542.768500 0
25   2.50 0 377217.512000 376109.570500 377217.512000   3000 377226.259000 0 380813.275100 380243.116100 380813.275100   5000 380826.344200 1
--------
17 :Total Won