
trial ITIJitter choice1 rts1 stim1ons_ms choice1ons_ms jitter2 jitter2_ms state rts2 stim2ons_ms choice2ons_ms jitter3 jitter3_ms won

1   2.00 1 20460.998300 19882.950700 20460.998300   2000 20483.003800 1 23052.547200 22499.582200 23052.547200   7500 23066.311700 0
2   3.50 0 37696.058400 36149.859300 37696.058400   2500 37716.494000 0 43366.918000 40233.223100 43366.918000   2000 43383.288500 1
3   3.50 0 51919.686000 50450.089000 51919.686000   3000 51933.413900 1 55860.987100 54950.139300 55860.987100   6500 55866.797700 0
4   3.00 1 68340.884300 67433.681500 68340.884300   3500 68350.381000 1 76847.006400 71867.088400 76847.006400   2500 76867.190800 0
5   2.50 0 86426.893700 83933.952100 86426.893700   2000 86433.999100 0 91588.945700 88450.716000 91588.945700   4500 91600.712600 1
6   4.00 0 102195.878100 101667.587400 102195.878100   3000 102200.933400 1 105774.069500 105217.654600 105774.069500   2000 105784.336200 0
7   2.50 1 116050.105500 112351.061100 116050.105500   2000 116067.808500 1 118618.841300 118084.504400 118618.841300   5000 118634.522800 0
8   3.50 1 129761.613600 129201.370000 129761.613600   3000 129768.042900 0 133277.840100 132784.755300 133277.840100   2000 133284.755700 0
9   5.50 0 143473.843900 142851.569300 143473.843900   4500 143484.916700 0 148876.818900 148001.687000 148876.818900   2000 148885.007500 1
10   3.00 0 156079.475000 155451.790700 156079.475000   4000 156085.088700 1 160629.992300 160101.859800 160629.992300   3000 160635.199100 0
11   2.00 1 169177.050500 167702.024000 169177.050500   7000 169185.340600 0 176924.927800 176202.219500 176924.927800   5000 176935.468800 0
12   2.50 0 188236.051600 186502.376300 188236.051600   4500 188252.265700 0 193787.147700 192769.055900 193787.147700   6000 193802.408800 1
13   3.50 1 206024.955900 204869.270100 206024.955900   6000 206035.951800 0 213772.933100 212052.703300 213772.933100   3500 213786.091100 1
14   7.50 1 226924.853100 226352.927200 226924.853100   2000 226936.231600 0 229727.846100 228952.985300 229727.846100   2000 229736.298700 1
15   3.50 1 237393.999400 236803.137900 237393.999400   6500 237403.120700 1 244587.871200 243919.876000 244587.871200   4000 244603.247800 0
16   2.50 0 253880.969100 253170.045100 253880.969100   5500 253886.676000 0 260000.974000 259403.481200 260000.974000   2000 260020.143800 1
17   8.00 1 273830.890500 271586.998800 273830.890500   3000 273837.046300 1 278582.556600 276853.755000 278582.556600   2000 278603.801700 1
18   5.50 1 288648.882100 288170.621300 288648.882100   2500 288653.962400 1 292017.767000 291170.733100 292017.767000   3000 292037.377900 1
19   6.00 0 303898.052500 303104.236200 303898.052500   3500 303904.212600 0 308004.561600 307420.962900 308004.561600   2000 308020.938800 0
20   2.00 0 315043.628700 314087.680200 315043.628700   4500 315054.379400 1 320849.975700 319571.119300 320849.975700   3000 320871.144500 1
21   2.50 0 329326.966600 328471.326800 329326.966600   2000 329337.948700 0 332303.931600 331354.660000 332303.931600   3000 332321.343100 0
22   2.50 1 340418.121700 339888.176500 340418.121700   5500 340438.110200 1 346656.057200 345954.917500 346656.057200   7000 346671.600500 1
23   2.00 1 358730.976000 357738.413900 358730.976000   2500 358738.406500 1 361841.008400 361255.150500 361841.008400   3000 361855.157900 1
24   2.00 1 369442.628100 368921.982600 369442.628100   4500 369455.236700 1 374765.799400 373972.067900 374765.799400   4000 374772.053000 1
25   5.50 1 386919.159500 386338.870700 386919.159500   2500 386938.893900 1 390235.966800 389455.650100 390235.966800   4000 390255.627300 1
--------
14 :Total Won