
trial ITIJitter choice1 rts1 stim1ons_ms choice1ons_ms jitter2 jitter2_ms state rts2 stim2ons_ms choice2ons_ms jitter3 jitter3_ms won

1   4.50 1 22640.691000 21591.100100 22640.691000   3500 22657.999700 1 26674.643300 26174.552100 26674.643300   4500 26691.191700 1
2   5.00 1 39101.631900 38258.029800 39101.631900   2000 39108.018700 1 41758.595000 41124.741700 41758.595000   7500 41774.759900 1
3   5.50 1 57325.708000 56841.699200 57325.708000   4500 57341.639500 1 62512.034100 61858.453700 62512.034100   2000 62525.082300 0
4   4.50 1 71754.073700 71091.931100 71754.073700   7000 71758.552200 1 79111.034800 78775.384800 79111.034800   2000 79125.383600 0
5   6.50 1 90812.658100 89692.200200 90812.658100   2500 90825.558500 1 93716.998600 93342.256400 93716.998600   2500 93725.597800 0
6   4.50 0 103202.711900 102792.372700 103202.711900   3000 103209.078300 1 106986.076600 106225.827300 106986.076600   2500 106992.486500 0
7   2.00 0 114121.913500 113559.282400 114121.913500   2000 114142.613200 0 117260.640500 116159.300600 117260.640500   2000 117276.008000 1
8   2.50 0 123709.074600 123342.763600 123709.074600   3500 123726.120200 0 127623.104600 127242.813400 127623.104600   7000 127642.810300 0
9   2.50 0 139627.655400 139209.736000 139627.655400   3000 139643.008800 0 143598.048000 142659.748900 143598.048000   6500 143609.769300 1
10   5.00 0 157237.222300 156676.635300 157237.222300   2000 157243.306600 0 160015.947100 159260.058600 160015.947100   2000 160026.650700 1
11   2.50 0 167277.950500 166093.448600 167277.950500   2000 167293.485200 0 172692.989800 169310.205100 172692.989800   2500 172710.226400 1
12   3.00 0 180841.657100 179777.010200 180841.657100   4000 180860.309900 1 185965.608500 184877.107500 185965.608500   5500 185977.125600 1
13   2.00 0 196005.911800 195543.938500 196005.911800   8000 196010.549700 0 204373.088000 204027.432600 204373.088000   2500 204377.426400 1
14   3.00 0 212039.162200 211444.186000 212039.162200   2500 212044.199000 0 217903.641300 214560.863700 217903.641300   2000 217910.971300 1
15   4.50 0 226923.979500 225977.755900 226923.979500   5000 226944.446700 0 233877.049800 231961.183900 233877.049800   4000 233894.589300 1
16   2.00 0 246470.988800 241494.688300 246470.988800   5500 246478.070800 0 252414.745400 251994.842600 252414.745400   3000 252428.163600 1
17   2.50 0 260320.974500 259495.033100 260320.974500   4000 260328.282200 1 265250.098500 264345.057000 265250.098500   2500 265261.731700 0
18   2.00 0 272726.720300 271828.521100 272726.720300   4000 272745.191400 0 278896.943100 276761.995600 278896.943100   2500 278911.948800 0
19   2.00 1 286158.121800 285478.773100 286158.121800   2000 286162.041600 1 288704.923100 288178.839600 288704.923100   7500 288712.081900 1
20   2.50 1 302030.626800 300778.962500 302030.626800   2500 302045.661400 1 305443.099300 304562.369500 305443.099300   4000 305462.376400 0
21   3.50 1 315535.700700 315029.246700 315535.700700   3500 315545.887300 1 324020.711100 319062.627700 324020.711100   4000 324029.315000 1
22   2.50 1 333430.014600 332596.141800 333430.014600   5000 333446.198100 0 341407.005400 338462.925700 341407.005400   3000 341412.973900 0
23   2.00 1 348940.689000 348479.766200 348940.689000   6000 348946.420400 1 355784.244800 354963.216800 355784.244800   3500 355796.528000 1
24   5.50 1 372667.137800 366863.375000 372667.137800   3000 372680.084700 0 376547.179600 375696.884700 376547.179600   6500 376563.516800 0
25   2.50 1 387999.082800 387630.399200 387999.082800   2000 388013.728600 1 390512.031100 390030.428500 390512.031100   4000 390530.447000 0
--------
14 :Total Won