
trial ITIJitter choice1 rts1 stim1ons_ms choice1ons_ms jitter2 jitter2_ms state rts2 stim2ons_ms choice2ons_ms jitter3 jitter3_ms won

1   5.00 1 25106.559600 24571.845300 25106.559600   2000 25122.280300 0 27870.333500 27138.598000 27870.333500   6500 27888.577400 1
2   5.00 1 42026.429100 40955.485100 42026.429100   2500 42038.818000 1 44979.088500 44555.548800 44979.088500   5000 44988.876500 1
3   4.50 1 57313.675600 56555.714100 57313.675600   5500 57322.434300 1 63500.471100 62839.339700 63500.471100   5000 63505.837200 1
4   7.00 1 78021.537600 77572.794700 78021.537600   7500 78039.451800 1 86374.387000 85556.169300 86374.387000   4500 86389.526600 1
5   6.00 1 100038.468500 98956.435500 100038.468500   4500 100056.458600 0 105116.137900 104573.250200 105116.137900   3500 105123.224700 0
6   5.00 0 116141.518200 115690.047300 116141.518200   3500 116156.737800 0 120501.459600 119673.478200 120501.459600   4500 120506.737800 1
7   3.50 1 131073.629900 130073.609500 131073.629900   2000 131090.335800 0 134905.144800 133106.983200 134905.144800   2500 134923.686200 0
8   2.50 1 146079.636000 141990.486700 146079.636000   3000 146090.570300 1 149569.106300 149107.286000 149569.106300   6500 149573.919200 1
9   3.00 1 161646.620100 161140.773900 161646.620100   5000 161657.452800 1 167660.687700 166674.217400 167660.687700   4000 167674.219400 1
10   2.00 1 176332.603300 175741.054600 176332.603300   6500 176341.105600 1 183288.619500 182857.801000 183288.619500   2500 183307.809700 1
11   2.00 1 196470.495300 189874.613000 196470.495300   3000 196491.338700 1 199916.336600 199508.076100 199916.336600   3000 199924.767800 1
12   5.50 1 211132.428000 210491.609900 211132.428000   4000 211141.586300 1 215735.531900 215158.341800 215735.531900   6000 215741.670000 1
13   2.00 1 228750.140700 225841.796100 228750.140700   2000 228758.535800 1 231185.175600 230775.249400 231185.175600   2500 231191.937800 0
14   2.00 0 238386.377700 237758.712400 238386.377700   5500 238392.037000 0 244252.139700 243908.806000 244252.139700   5000 244258.758500 0
15   2.00 0 255876.146500 253325.599400 255876.146500   3000 255892.319600 0 259735.363400 258909.036200 259735.363400   4500 259742.379800 1
16   4.00 0 270446.432200 269809.226900 270446.432200   3000 270459.233000 0 274533.406500 273475.942800 274533.406500   2000 274542.659600 1
17   2.00 0 280592.614900 280109.396300 280592.614900   3000 280609.387800 0 284041.593900 283626.112300 284041.593900   3500 284059.442000 1
18   4.00 0 293699.479900 293126.295700 293699.479900   2000 293709.599100 0 298828.554700 295726.314600 298828.554700   3500 298843.056300 1
19   2.00 0 306440.576500 305909.777300 306440.576500   6000 306459.806600 0 313100.608800 312476.578000 313100.608800   2500 313109.918900 1
20   7.50 0 325116.571400 324676.791000 325116.571400   2500 325126.783300 0 328322.170600 327643.511400 328322.170600   4000 328343.550500 0
21   3.00 0 337998.682100 337410.318600 337998.682100   3500 338010.320700 0 342128.098900 341527.068300 342128.098900   5000 342143.724200 1
22   4.00 1 353418.519100 352710.574100 353418.519100   6500 353427.277600 1 360289.542800 359944.025800 360289.542800   3500 360294.010100 0
23   4.00 0 371320.386900 369860.865300 371320.386900   4500 371327.521800 0 376912.570700 375844.277900 376912.570700   4500 376927.591900 1
24   4.50 0 388599.494900 387494.471700 388599.494900   2000 388611.174000 1 391156.110200 390627.921600 391156.110200   4500 391161.220700 1
25   3.50 0 402255.456500 401228.147200 402255.456500   6000 402261.407000 0 408995.164100 408278.194900 408995.164100   3500 409011.488600 1
--------
19 :Total Won