
trial ITIJitter choice1 rts1 stim1ons_ms choice1ons_ms jitter2 jitter2_ms state rts2 stim2ons_ms choice2ons_ms jitter3 jitter3_ms won

1   4.50 0 21356.064100 18163.395700 21356.064100   3000 21380.491700 0 25217.967600 24396.834200 25217.967600   5000 25230.191500 1
2   2.50 0 35395.853400 34296.986500 35395.853400   4500 35413.685000 0 40816.905100 39930.368300 40816.905100   6000 40830.380500 0
3   2.00 0 52328.192700 50897.293200 52328.192700   6000 52347.306900 0 59294.087600 58364.065200 59294.087600   2500 59314.078400 1
4   3.00 0 67309.663600 66380.854100 67309.663600   2500 67314.137400 0 70522.580500 69830.915000 70522.580500   2000 70530.908500 1
5   2.50 0 77538.567700 76597.681300 77538.567700   2000 77547.731100 0 80217.623600 79564.393800 80217.623600   3000 80231.028200 0
6   5.00 0 92239.647600 90297.939700 92239.647600   5500 92247.957000 1 98886.103000 97764.681200 98886.103000   2000 98898.070800 0
7   2.00 0 111194.249900 104964.817500 111194.249900   2500 111198.239900 0 114369.089100 113714.960900 114369.089100   2500 114381.654000 0
8   2.00 1 121395.686500 120948.376600 121395.686500   8000 121415.106900 0 130392.054400 129431.885900 130392.054400   3500 130398.523800 1
9   2.00 1 138679.951800 137465.360100 138679.951800   6500 138698.687800 1 145867.946900 145215.464600 145867.946900   2000 145882.146500 1
10   4.00 0 154923.641900 153949.053000 154923.641900   2500 154932.299600 0 157899.139900 157448.966200 157899.139900   6500 157915.680400 0
11   2.50 0 170110.119000 168982.526400 170110.119000   3500 170115.897300 0 174633.160200 173632.651300 174633.160200   2000 174649.285200 1
12   2.00 0 181245.032900 180216.070100 181245.032900   2500 181249.409400 0 185077.057600 183766.157600 185077.057600   4000 185082.791900 0
13   4.50 0 196350.718800 195649.619000 196350.718800   5000 196366.297400 0 201810.125700 201383.073100 201810.125700   5000 201816.421400 1
14   5.00 0 214068.718200 213383.277700 214068.718200   2000 214083.289700 0 216561.111900 216099.966800 216561.111900   2500 216566.624400 0
15   5.00 0 226763.158000 226133.457700 226763.158000   3500 226783.457900 0 230692.960000 230300.201000 230692.960000   2500 230700.154900 0
16   2.50 0 238658.956900 237767.007600 238658.956900   2000 238666.984000 0 241566.228700 240683.688500 241566.228700   3000 241583.703400 0
17   7.50 0 254829.134500 254150.590900 254829.134500   6000 254833.914700 0 261249.710600 260850.684600 261249.710600   2000 261267.369200 0
18   3.50 0 270136.004200 268834.136900 270136.004200   7000 270150.829400 1 281267.199900 277167.634700 281267.199900   2500 281284.362200 1
19   7.50 0 293993.746800 293351.217700 293993.746800   2000 294001.229200 0 296498.074000 296017.998000 296498.074000   4000 296517.993800 0
20   2.00 0 305336.730800 304584.738800 305336.730800   4500 305351.411700 0 310365.151100 309868.172500 310365.151100   3000 310384.781700 0
21   4.50 1 320269.082500 319951.662200 320269.082500   3000 320284.974500 1 323848.789500 323301.729400 323848.789500   2000 323868.397900 1
22   7.50 1 335750.628100 335435.228100 335750.628100   2500 335768.558500 0 338994.157300 338285.280700 338994.157300   5000 339001.923600 0
23   4.50 1 351045.100400 350568.821700 351045.100400   2500 351052.157300 0 354303.179400 353568.863700 354303.179400   7000 354318.873200 0
24   3.00 1 366766.034700 366385.738800 366766.034700   2500 366785.765200 1 370286.946900 369302.518400 370286.946900   4500 370302.464300 1
25   6.00 1 384088.665900 382902.684800 384088.665900   7000 384102.691800 1 391724.189100 391119.483000 391724.189100   6500 391736.166100 1
--------
11 :Total Won