
trial ITIJitter choice1 rts1 stim1ons_ms choice1ons_ms jitter2 jitter2_ms state rts2 stim2ons_ms choice2ons_ms jitter3 jitter3_ms won

1   2.00 1 18991.104500 18610.390600 18991.104500   3500 19010.752600 1 23787.558000 22527.052300 23787.558000   7500 23793.789300 0
2   2.00 0 35896.300700 35360.599800 35896.300700   3000 35910.610200 0 39892.420400 38927.395500 39892.420400   6000 39910.713100 0
3   5.50 1 54619.433800 53477.576600 54619.433800   2000 54660.936000 1 57595.070800 56677.615500 57595.070800   4000 57610.965400 0
4   3.50 1 67617.469000 67177.788300 67617.469000   3500 67627.796500 1 71578.341200 71144.544000 71578.341200   4000 71594.544100 0
5   4.50 0 82851.314400 82161.359700 82851.314400   3000 82861.417200 1 86448.531000 85878.100800 86448.531000   2500 86461.418800 0
6   2.50 0 93938.465700 93528.232600 93938.465700   5500 93944.862200 1 101419.071200 99461.604500 101419.071200   3500 101428.358000 0
7   4.50 0 112746.457100 111495.190300 112746.457100   5500 112761.810600 0 119723.378900 118278.636300 119723.378900   5000 119728.605700 1
8   3.50 0 131569.471800 129795.454500 131569.471800   3000 131578.844600 0 135221.652300 134595.558700 135221.652300   2500 135228.906700 1
9   4.00 0 144366.455800 143295.674300 144366.455800   3500 144379.054900 0 149649.586500 147895.784100 149649.586500   5500 149662.482400 1
10   2.00 0 159337.571600 158729.276400 159337.571600   7000 159345.970900 1 166915.101400 166362.745300 166915.101400   4500 166929.418400 0
11   6.50 1 180449.426200 179996.328300 180449.426200   2500 180463.001200 0 183794.517000 182979.724000 183794.517000   2500 183813.019400 0
12   3.50 0 192463.483200 191879.822400 192463.483200   2000 192479.867000 0 195214.342900 194496.868000 195214.342900   5500 195229.863000 1
13   2.50 0 205206.541300 204796.725600 205206.541300   2000 205213.377600 0 207842.098500 207230.095300 207842.098500   4000 207863.422600 0
14   2.00 1 216297.102400 215930.221300 216297.102400   3500 216313.515500 0 220682.510300 219830.304600 220682.510300   4000 220696.970700 0
15   6.00 0 233119.670600 232763.815200 233119.670600   2500 233130.499000 0 236232.458600 235647.225800 236232.458600   5500 236247.235600 0
16   3.00 1 247458.501200 246814.064800 247458.501200   3000 247464.078800 1 251127.090300 250480.815400 251127.090300   5000 251147.497000 0
17   7.50 1 267344.542900 265714.371300 267344.542900   2500 267364.360900 1 270519.130800 269881.104800 270519.130800   3000 270531.131500 1
18   5.00 1 282056.572300 280597.958800 282056.572300   5000 282064.640200 1 287584.383800 287081.439500 287584.383800   5500 287598.054000 1
19   3.00 1 299076.439100 298164.911200 299076.439100   2000 299081.570700 1 301678.522500 301098.273300 301678.522500   4000 301698.279400 1
20   2.00 1 310791.544800 309765.112400 310791.544800   2500 310798.395200 1 313873.663600 313315.151100 313873.663600   2000 313881.815500 1
21   4.00 1 322405.529400 321948.628800 322405.529400   6000 322415.282500 1 328820.164200 328432.080200 328820.164200   2500 328832.054500 1
22   6.50 1 340564.551500 339898.916800 340564.551500   3000 340582.203600 1 349364.098100 343598.972100 349364.098100   2500 349382.420300 0
23   2.00 1 356428.444300 355949.179700 356428.444300   3000 356449.130600 1 359973.106100 359465.967000 359973.106100   3000 359982.602000 1
24   6.00 0 371461.720900 371082.744800 371461.720900   3500 371482.807100 0 375478.453400 374999.475600 375478.453400   2500 375499.486800 0
25   3.50 0 384022.711700 383566.265600 384022.711700   4000 384032.956300 0 388479.420200 388049.712700 388479.420200   4000 388499.651100 0
--------
10 :Total Won