
trial ITIJitter choice1 rts1 stim1ons_ms choice1ons_ms jitter2 jitter2_ms state rts2 stim2ons_ms choice2ons_ms jitter3 jitter3_ms won

1   4.50 0 21814.025100 21124.666300 21814.025100   5500 21841.625600 1 27886.054200 27358.083600 27886.054200   4500 27908.095600 0
2   3.00 0 37944.581700 37474.926100 37944.581700   3500 37958.195900 0 42046.935200 41474.984100 42046.935200   4000 42058.322500 0
3   2.50 1 50995.056000 50625.143800 50995.056000   4000 51008.481900 0 55731.444200 55025.223800 55731.444200   5500 55741.905500 1
4   2.50 1 66021.048600 65308.710300 66021.048600   2500 66042.043800 1 68871.268600 68558.751500 68871.268600   3500 68892.091200 1
5   4.50 1 79377.426900 78958.941200 79377.426900   6500 79392.266300 0 87193.361300 85909.050000 87193.361300   2500 87209.063900 0
6   2.00 1 94448.197900 93775.864500 94448.197900   4000 94459.173300 1 98819.025100 98475.921000 98819.025100   5000 98825.920500 1
7   2.50 1 109018.432300 108392.771000 109018.432300   3500 109026.105100 1 113948.255300 112542.808900 113948.255300   6500 113959.504600 1
8   4.50 1 127432.480800 127026.360500 127432.480800   2000 127443.487790 1 129924.442000 129459.901500 129924.442000   5000 129943.121600 1
9   5.00 1 142529.524100 142009.949200 142529.524100   4500 142543.265000 1 147912.362100 147060.043100 147912.362100   2500 147926.736900 1
10   5.50 1 160653.379300 157993.552700 160653.379300   2500 160660.270500 1 163917.456600 163176.931700 163917.456600   8000 163926.921700 0
11   5.00 1 179480.044500 178993.922600 179480.044500   5000 179493.849700 1 184995.023900 184510.647700 184995.023900   2000 185010.753600 1
12   3.00 1 192945.375100 192077.503200 192945.375100   6500 192960.782000 1 199991.363500 199477.568800 199991.363500   3500 200010.902100 1
13   4.50 1 211653.989900 210077.676400 211653.989900   4500 211661.174000 1 216803.579200 216177.825700 216803.579200   5000 216811.176100 1
14   2.50 1 226994.541000 226377.996700 226994.541000   2000 227011.342900 0 229750.620800 229028.065200 229750.620800   6500 229761.377600 0
15   2.00 1 241225.006700 240328.214100 241225.006700   2500 241244.952800 1 244263.476300 243761.580100 244263.476300   2000 244278.295100 0
16   4.50 1 254313.686800 252845.081900 254313.686800   3000 254328.466300 1 257903.611800 257345.196500 257903.611800   4500 257911.830100 1
17   5.00 1 270114.098000 269512.054400 270114.098000   2000 270128.653800 1 272687.455700 272145.569200 272687.455700   8000 272695.376000 0
18   5.50 1 289308.510300 288262.332600 289308.510300   5000 289329.017900 1 295019.471600 294345.781200 295019.471600   5500 295029.136000 1
19   3.50 1 307557.534500 306095.958300 307557.534500   2000 307562.675900 1 312175.133600 309579.354700 312175.133600   5000 312196.064300 0
20   2.00 0 321638.542300 321262.876100 321638.542300   5000 321646.221000 0 327105.587800 326662.964700 327105.587800   2500 327112.974300 0
21   3.00 1 335953.420800 334679.762000 335953.420800   3000 335963.113500 1 339523.527500 338979.842700 339523.527500   6500 339529.799100 0
22   6.50 1 354970.104300 354596.758500 354970.104300   8000 354980.092200 0 363877.475000 362996.900600 363877.475000   2000 363896.878900 1
23   7.50 1 377817.469800 374963.754300 377817.469800   4500 377830.464900 1 383878.543600 382347.202800 383878.543600   7500 383897.226500 0
24   7.50 0 401369.492600 400964.176300 401369.492600   3500 401380.822600 0 405490.071600 404897.574400 405490.071600   2000 405497.588000 0
25   8.00 1 417921.490900 417564.450700 417921.490900   3500 417931.115200 1 421967.479300 421447.851500 421967.479300   8000 421981.158800 0
--------
12 :Total Won