
trial ITIJitter choice1 rts1 stim1ons_ms choice1ons_ms jitter2 jitter2_ms state rts2 stim2ons_ms choice2ons_ms jitter3 jitter3_ms won

1   6.50 1 28151.259500 27604.168400 28151.259500   3500 28170.778900 1 32061.214600 31704.191900 32061.214600   5500 32071.297906 0
2   2.00 0 42303.339600 41637.697700 42303.339600   5500 42320.986300 0 48478.103200 47837.782600 48478.103200   2500 48487.793900 1
3   2.50 0 55497.157900 55054.593600 55497.157900   5000 55504.762900 0 60805.355600 60521.289800 60805.355600   3500 60821.338400 1
4   6.50 1 72698.066100 72388.180600 72698.066100   3000 72704.848500 1 76126.850300 75721.574200 76126.850300   2000 76138.271400 0
5   2.50 0 84111.061600 82705.048200 84111.061600   5000 84121.728000 1 89656.427000 89138.460300 89656.427000   2000 89671.798400 0
6   2.00 1 96202.247700 95738.561200 96202.247700   3500 96221.898600 1 100151.177600 99738.567900 100151.177600   5000 100155.295900 0
7   6.00 0 113751.834500 113222.187800 113751.834500   2000 113772.180900 1 116296.792800 115788.922700 116296.792800   3000 116305.516700 1
8   4.00 0 125926.135800 125372.386800 125926.135800   4000 125939.075000 0 130272.797800 129955.784000 130272.797800   2000 130289.113900 1
9   5.50 1 140107.876300 139355.946800 140107.876300   5500 140122.613600 1 146040.155800 145639.405900 146040.155800   4000 146056.050800 1
10   4.00 1 156714.803500 156122.911700 156714.803500   4000 156722.894000 1 161319.114300 160739.614700 161319.114300   3000 161339.580500 1
11   4.50 1 171672.261000 170906.493100 171672.261000   4000 171689.888500 1 176211.298800 175706.533700 176211.298800   2000 176223.214800 0
12   3.00 0 183636.252700 183290.010400 183636.252700   3500 183656.629400 0 187467.810800 187173.369200 187467.810800   2500 187473.424800 1
13   7.50 0 199403.210100 199040.249900 199403.210100   6000 199423.580000 0 205798.240000 205440.600400 205798.240000   2000 205807.015800 1
14   3.00 1 212841.881300 212373.809500 212841.881300   5000 212857.080900 1 218212.822000 217873.859300 218212.822000   3500 218223.888700 0
15   5.00 1 229311.839500 228790.750800 229311.839500   4000 229324.084800 0 234921.165000 233340.825500 234921.165000   2000 234940.850900 0
16   7.00 0 246422.330500 246007.706500 246422.330500   4000 246441.005700 0 250772.245200 250457.704400 250772.245200   5500 250791.101000 1
17   7.50 0 265845.251500 265357.995700 265845.251500   2000 265857.949400 0 268274.235800 267874.762400 268274.235800   6500 268291.372000 0
18   7.00 1 284235.142900 283858.286800 284235.142900   2500 284241.636400 0 287352.882700 286758.350200 287352.882700   4000 287358.358900 0
19   2.50 0 296427.468200 295925.188000 296427.468200   5000 296441.861100 0 302004.415800 301458.584700 302004.415800   3500 302008.588100 0
20   5.50 1 313679.403600 313075.410900 313679.403600   5500 313692.120200 1 319615.935400 319208.870700 319615.935400   5500 319625.569900 1
21   3.00 1 331509.945600 330225.782100 331509.945600   2000 331525.759700 1 334174.814200 333542.439400 334174.814200   2500 334192.436900 1
22   7.50 1 347118.919600 346259.319100 347118.919600   4000 347125.988800 0 351808.958500 351142.786700 351808.958500   6000 351826.090300 0
23   5.00 0 365442.286200 364892.953600 365442.286200   4000 365459.615000 0 370141.353600 369476.359500 370141.353600   2500 370159.690900 0
24   2.00 1 379241.206200 376726.468900 379241.206200   2000 379259.859600 0 381932.955300 381276.543000 381932.955300   3000 381943.229000 0
25   2.50 0 389907.384900 389510.020600 389907.384900   6500 389926.684000 0 397048.368900 396443.452700 397048.368900   2500 397060.074600 1
--------
12 :Total Won