
trial ITIJitter choice1 rts1 stim1ons_ms choice1ons_ms jitter2 jitter2_ms state rts2 stim2ons_ms choice2ons_ms jitter3 jitter3_ms won

1   6.00 1 26563.507400 26247.360500 26563.507400   3500 26581.047700 0 32227.367900 30097.395700 32227.367900   3000 32247.398000 1
2   2.00 1 39079.438000 38814.192700 39079.438000   8000 39097.600500 1 47820.027200 47114.349700 47820.027200   4000 47831.042100 0
3   4.00 1 58150.494300 57897.942800 58150.494300   2500 58164.519000 0 60998.414300 60681.239300 60998.414300   4000 61014.585100 1
4   6.50 1 73354.508000 73081.431100 73354.508000   3000 73364.775800 0 77029.547800 76381.488100 77029.547800   3000 77048.170400 1
5   2.00 1 84074.442300 83614.945800 84074.442300   7000 84081.613300 1 91908.113800 91098.409000 91908.113800   3500 91915.087000 0
6   6.50 1 104305.617300 103981.941800 104305.617300   3000 104315.295300 0 107839.602200 107331.988300 107839.602200   5000 107848.675400 0
7   4.50 1 119670.671000 119415.503500 119670.671000   4500 119682.167000 0 124460.116500 124198.929700 124460.116500   2500 124465.624900 0
8   4.00 1 133359.536400 133032.415600 133359.536400   8000 133365.748100 1 142526.400500 141382.553700 142526.400500   2000 142532.570700 1
9   2.00 0 149126.147700 148599.332400 149126.147700   7500 149132.739900 1 156960.413400 156649.453000 156960.413400   3000 156966.099700 0
10   4.00 1 166270.525200 166032.926200 166270.525200   5000 166282.955700 0 171572.515100 171299.768100 171572.515100   2000 171583.029700 1
11   6.00 1 181417.623300 181149.901000 181417.623300   2500 181433.200600 1 184684.082100 183949.919400 184684.082100   6500 184699.936600 0
12   3.00 1 196596.550200 196266.786100 196596.550200   5500 196616.829300 0 202518.411400 202133.545900 202518.411400   2000 202533.540700 1
13   4.00 1 210593.470300 210100.345400 210593.470300   3000 210600.355700 0 213996.160200 213617.071200 213996.160200   2000 214017.034400 1
14   2.00 1 220138.736400 219583.855000 220138.736400   3500 220150.551800 0 224185.590500 223667.252800 224185.590500   7500 224200.585600 1
15   2.00 1 235966.198200 235267.458500 235966.198200   7000 235984.122500 0 244149.363500 243000.888900 244149.363500   3500 244167.576700 1
16   4.50 1 254659.587500 253734.400700 254659.587500   4500 254667.753000 0 262289.471100 259184.487800 262289.471100   3000 262301.171000 1
17   4.00 1 271206.652300 270901.404600 271206.652300   2500 271218.060000 0 274127.252100 273734.722300 274127.252100   3000 274134.744100 1
18   2.50 1 281880.440100 281201.519000 281880.440100   4000 281884.805900 0 286521.497300 285901.603700 286521.497300   3000 286534.935800 1
19   5.00 1 296780.403400 296101.775300 296780.403400   2000 296785.073100 0 299310.679400 298801.795900 299310.679400   5000 299318.476200 1
20   2.00 1 308576.165800 307885.299600 308576.165800   5500 308585.308000 1 314763.691400 314102.053100 314763.691400   6000 314768.712900 1
21   2.50 1 325952.597900 325335.558200 325952.597900   4000 325968.909600 0 330382.554600 329985.634500 330382.554600   6000 330402.324800 1
22   4.50 1 343207.535600 342469.181600 343207.535600   4000 343219.212500 0 347984.432700 347235.928500 347984.432700   5000 348002.580600 0
23   4.50 1 360133.352700 359569.477300 360133.352700   4000 360152.789300 0 364498.198300 364169.551900 364498.198300   4000 364502.863900 0
24   3.00 0 373889.518900 373569.682400 373889.518900   2000 373903.026100 1 376215.184100 375919.724100 376215.184100   6000 376236.415200 1
25   2.00 0 386919.511900 386303.289200 386919.511900   2500 386936.574900 0 390195.152600 389453.283000 390195.152600   3500 390203.298500 0
--------
16 :Total Won