
trial ITIJitter choice1 rts1 stim1ons_ms choice1ons_ms jitter2 jitter2_ms state rts2 stim2ons_ms choice2ons_ms jitter3 jitter3_ms won

1   3.00 1 19486.118200 19143.552100 19486.118200   3500 19510.664353 0 23516.167100 23026.929900 23516.167100   4500 23526.970200 1
2   4.00 1 33972.064800 33593.773300 33972.064800   5000 33977.133100 0 39292.209200 38993.911800 39292.209200   4000 39310.492100 0
3   6.50 0 52178.265400 51877.400800 52178.265400   2000 52194.038100 1 54623.990900 54210.799800 54623.990900   7000 54644.115000 1
4   2.00 0 67157.233700 65710.989300 67157.233700   7500 67177.633300 0 75249.204000 74694.431700 75249.204000   2000 75261.133600 1
5   2.00 0 81148.383400 80827.916200 81148.383400   3500 81161.245800 1 85030.301400 84677.961500 85030.301400   3000 85044.592900 0
6   3.00 1 93758.228600 93111.416100 93758.228600   5000 93778.060500 0 99089.619300 98794.811100 99089.619300   4000 99094.855300 1
7   8.00 1 113015.786800 112661.769000 113015.786800   3500 113028.376900 0 117084.120600 116545.135600 117084.120600   3500 117095.133600 0
8   2.50 0 125422.324900 125161.964700 125422.324900   2500 125428.620700 0 128514.177600 127945.323300 128514.177600   8000 128528.656000 1
9   2.50 0 140991.243900 140595.529400 140991.243900   7000 140995.556200 1 148571.728700 148012.475800 148571.728700   3000 148578.960900 0
10   5.00 1 158987.804800 158645.882700 158987.804800   6000 158995.781800 0 165280.832800 165012.604900 165280.832800   2000 165295.934700 0
11   8.00 1 177821.322300 177362.784100 177821.322300   2000 177829.496900 1 180367.276400 179846.209900 180367.276400   2500 180379.523300 0
12   3.00 1 188217.184500 187946.356500 188217.184500   3500 188229.595200 0 192037.189500 191746.388200 192037.189500   2500 192046.355500 1
13   2.00 1 199097.228600 198113.121200 199097.228600   3500 199113.143100 0 203693.175900 202629.889500 203693.175900   2500 203713.212100 1
14   4.50 1 213134.260500 212280.043100 213134.260500   2500 213146.716000 0 216176.845900 215663.452500 216176.845900   3000 216196.764400 1
15   2.00 1 223442.866200 222763.539200 223442.866200   2000 223463.531000 0 226276.408900 225480.271900 226276.408900   5000 226296.921500 1
16   4.00 1 238590.754000 236863.815200 238590.754000   3500 238597.099000 0 242738.292800 242113.896800 242738.292800   5500 242747.204400 0
17   2.50 0 253275.303500 252814.045300 253275.303500   6500 253280.694300 1 260454.694900 259797.490800 260454.694900   7500 260464.117000 0
18   2.50 1 273072.207400 272531.014600 273072.207400   2000 273080.986800 1 276068.257100 275097.782000 276068.257100   2500 276081.060400 1
19   2.00 1 283608.836600 282681.162300 283608.836600   4500 283614.488600 1 288960.891400 288131.280300 288960.891400   4500 288981.235700 1
20   2.00 1 298177.232500 297548.098500 298177.232500   3500 298181.414200 0 302251.391700 301698.165300 302251.391700   3500 302264.842900 0
21   3.50 0 311719.807400 311331.645800 311719.807400   3500 311731.648500 1 315919.291000 315248.459600 315919.291000   3500 315931.764600 1
22   2.00 0 324537.209500 323498.547300 324537.209500   5500 324548.560700 1 330647.089400 330065.300400 330647.089400   3000 330665.302300 1
23   2.50 0 339435.344700 338232.115100 339435.344700   5500 339448.784200 1 345350.301800 344965.562600 345350.301800   2500 345365.623300 1
24   2.00 0 352881.407600 351932.328200 352881.407600   7500 352899.051900 1 360822.923500 360415.837200 360822.923500   2000 360832.485300 0
25   3.50 1 368789.925900 368399.249600 368789.925900   5500 368799.257100 0 374827.216500 374316.015000 374827.216500   4000 374832.645700 0
--------
14 :Total Won