
trial ITIJitter choice1 rts1 stim1ons_ms choice1ons_ms jitter2 jitter2_ms state rts2 stim2ons_ms choice2ons_ms jitter3 jitter3_ms won

1   6.00 1 32122.642000 31583.026900 32122.642000   6500 32149.962600 0 39069.738500 38666.468400 39069.738500   3500 39083.509800 1
2   5.50 1 50214.615100 49666.668700 50214.615100   2000 50233.287000 0 52771.665300 52250.026300 52771.665300   5500 52783.398800 1
3   2.50 1 62841.671000 62350.209000 62841.671000   2500 62850.583900 0 65838.704500 65367.045900 65838.704500   5000 65850.248800 1
4   3.50 1 76605.674400 75917.069500 76605.674400   6500 76617.051500 0 83493.666200 83133.871300 83493.666200   3000 83500.553400 1
5   2.00 1 90729.717800 90067.360200 90729.717800   2500 90750.690300 1 94337.716800 93267.399300 94337.716800   5000 94350.733200 0
6   2.00 0 103673.321900 103417.527100 103673.321900   2000 103684.206500 1 106633.770000 105700.914000 106633.770000   3500 106650.906200 0
7   5.00 1 117472.531500 117217.798700 117472.531500   6000 117484.461800 0 123877.773700 123501.221000 123877.773700   2000 123884.532900 1
8   3.00 1 130824.836500 130451.309300 130824.836500   4000 130834.658300 0 135430.655100 134851.399900 135430.655100   4000 135451.402900 1
9   2.00 1 143548.737800 143018.183900 143548.737800   5500 143568.223100 1 149844.773800 149084.984300 149844.773800   5500 149851.639000 1
10   4.00 0 162060.782200 161418.514100 162060.782200   4000 162068.529200 1 166465.718500 166085.232100 166465.718500   4000 166485.251300 0
11   3.00 1 176236.642400 175552.089400 176236.642400   4500 176252.102000 0 181114.348300 180768.807300 181114.348300   4000 181135.502600 1
12   2.00 1 189244.358300 188702.276200 189244.358300   3000 189252.356800 0 193023.772700 192269.113700 193023.772700   3500 193035.727700 1
13   2.50 1 201258.755800 200602.418100 201258.755800   7500 201269.125200 1 209254.318000 208785.921700 209254.318000   6000 209269.320800 1
14   2.00 1 220118.315700 219369.435300 220118.315700   3000 220136.112300 0 224351.931600 223152.785500 224351.931600   5000 224369.531200 1
15   3.50 1 235286.863100 234436.420500 235286.863100   5000 235303.043400 0 240870.634900 240319.787000 240870.634900   4000 240886.521500 0
16   2.00 1 249207.729700 248953.260500 249207.729700   7000 249219.913300 0 256688.606000 256236.707200 256688.606000   4000 256703.382500 1
17   5.50 1 268047.622100 267770.234400 268047.622100   7500 268053.523100 0 276013.591800 275570.353700 276013.591800   2000 276020.329200 0
18   6.50 1 287298.394300 286587.204200 287298.394300   7000 287303.872300 0 294662.753200 294320.655200 294662.753200   2500 294670.676800 0
19   4.00 0 304109.304700 303237.501700 304109.304700   2500 304120.820800 1 307011.743900 306637.538900 307011.743900   5000 307020.814100 1
20   3.50 0 318201.839300 317587.677600 318201.839300   5500 318221.063400 1 324465.713900 323737.804000 324465.713900   5500 324471.183600 0
21   5.50 1 338135.909500 337538.020100 338135.909500   3000 338154.700600 0 341737.704400 341171.451600 341737.704400   2000 341754.753600 0
22   2.50 1 348832.341300 348321.555600 348832.341300   7500 348838.248600 0 356790.896300 356354.995600 356790.896300   4000 356805.042500 0
23   6.00 0 369332.787000 368871.880800 369332.787000   5000 369338.584200 1 374731.864800 374355.315900 374731.864800   4000 374738.651300 1
24   2.50 0 383947.719900 383305.480300 383947.719900   2000 383955.421400 1 386835.809200 385972.168700 386835.809200   2000 386855.516100 1
25   3.00 0 395117.356000 393922.296700 395117.356000   2500 395122.318800 0 398354.887200 397639.064000 398354.887200   6500 398372.364100 0
--------
15 :Total Won