
trial ITIJitter choice1 rts1 stim1ons_ms choice1ons_ms jitter2 jitter2_ms state rts2 stim2ons_ms choice2ons_ms jitter3 jitter3_ms won

1   3.50 0 25220.855500 24334.644000 25220.855500   3000 25235.093300 0 28663.362300 28251.416700 28663.362300   2500 28684.770400 0
2   6.00 1 39762.983600 39251.592300 39762.983600   8000 39768.276700 0 48150.003900 47785.225700 48150.003900   5500 48168.437600 1
3   2.00 1 57746.930200 57235.250200 57746.930200   2000 57751.888000 0 60499.322900 59768.587400 60499.322900   5500 60518.615900 1
4   2.00 1 69881.206200 69585.469800 69881.206200   2000 69885.437600 0 72193.505300 71902.115700 72193.505300   2000 72202.138700 0
5   4.00 0 80650.017200 80268.931900 80650.017200   7000 80668.946000 0 88262.263100 87686.138457 88262.263100   2500 88269.132400 1
6   5.50 0 98177.273900 97835.889300 98177.273900   3000 98185.840200 1 101656.370000 101202.608200 101656.370000   3000 101669.315800 1
7   5.50 0 112656.210900 112236.154400 112656.210900   3000 112669.468200 0 116032.003500 115686.597869 116032.003500   2000 116052.834900 0
8   2.50 1 123158.411500 122619.626300 123158.411500   3500 123169.621100 0 127053.376000 126686.775281 127053.376000   2000 127069.692100 0
9   5.50 1 137147.272500 136636.511200 137147.272500   4500 137153.141600 0 142194.019300 141669.950400 142194.019300   3500 142203.305500 0
10   2.00 0 150000.349000 149770.185100 150000.349000   3500 150020.074500 1 153893.455000 153536.814600 153893.455000   5000 153903.478100 0
11   4.50 1 165789.358200 165470.333200 165789.358200   2000 165803.634600 0 168294.005800 167820.383900 168294.005800   2000 168303.707200 1
12   3.00 0 175188.429600 174870.488400 175188.429600   2000 175203.773900 1 177666.608200 177220.505300 177666.608200   2500 177687.633458 0
13   2.00 1 184544.027300 184253.986300 184544.027300   2500 184553.965800 0 187409.289900 187070.733800 187409.289900   6000 187420.675300 1
14   2.50 1 197739.449700 197487.568400 197739.449700   2000 197754.147900 1 200212.451400 199770.892900 200212.451400   6500 200220.890700 0
15   2.50 0 211651.414400 211287.738900 211651.414400   5500 211671.084400 0 217668.403100 217187.907100 217668.403100   6000 217688.014700 1
16   2.50 1 228048.277900 227754.684500 228048.277900   4500 228054.664700 0 233084.311100 232571.432200 233084.311100   3500 233104.771700 1
17   4.50 1 243109.440000 242671.590400 243109.440000   2500 243121.591100 1 248265.556700 245638.297800 248265.556700   2000 248271.679400 0
18   6.50 0 259353.987300 258838.485500 259353.987300   3500 259371.862200 1 263434.438800 262888.579700 263434.438800   3000 263455.277100 0
19   6.00 1 274960.432700 274522.128800 274960.432700   6000 274972.114200 1 281529.470100 280988.872400 281529.470100   4500 281538.892000 0
20   2.00 1 290447.109300 290105.702800 290447.109300   4000 290455.698000 0 294881.440400 294472.430100 294881.440400   5500 294889.125700 1
21   3.50 1 305739.321800 305455.954000 305739.321800   2000 305755.960500 1 308511.280900 307772.676100 308511.280900   5000 308522.687500 0
22   2.50 1 318405.075200 318089.488100 318405.075200   3000 318422.807500 0 321878.499800 321439.534300 321878.499800   4500 321889.520400 1
23   2.00 0 330223.420100 329989.662900 330223.420100   2500 330239.679200 1 333261.311000 332756.391700 333261.311000   4000 333273.083800 0
24   2.50 1 342106.428500 341839.846000 342106.428500   7000 342123.186800 1 349806.443600 349139.988700 349806.443600   4000 349823.383100 0
25   2.50 1 358743.355400 358390.140400 358743.355400   3000 358756.810500 0 362579.497600 361773.541900 362579.497600   3000 362590.210000 1
--------
11 :Total Won