
trial ITIJitter choice1 rts1 stim1ons_ms choice1ons_ms jitter2 jitter2_ms state rts2 stim2ons_ms choice2ons_ms jitter3 jitter3_ms won

1   3.50 1 22098.715400 21652.922900 22098.715400   7500 22119.975300 0 29979.599400 29636.401700 29979.599400   6500 29986.390000 1
2   5.50 1 43840.640200 43553.318600 43840.640200   6500 43853.273700 0 50702.459000 50370.083700 50702.459000   3500 50720.044600 1
3   4.50 1 60633.698100 60286.878200 60633.698100   3000 60653.578700 0 64086.178400 63670.273800 64086.178400   7500 64103.616400 1
4   2.00 1 75500.806200 75170.466100 75500.806200   5000 75520.464600 0 80948.657400 80537.209900 80948.657400   4000 80970.552200 1
5   2.00 1 88993.083200 88537.385500 88993.083200   5500 89004.031200 0 95014.606800 94520.785600 95014.606800   3500 95020.813300 1
6   4.00 1 104726.511900 104087.612200 104726.511900   6000 104737.553800 0 111350.582400 110754.394100 111350.582400   4500 111371.041600 1
7   2.00 1 120202.520200 119437.861900 120202.520200   3000 120221.202600 0 123850.228000 123237.901900 123850.228000   3000 123871.247200 1
8   4.00 1 132990.594900 132438.057600 132990.594900   6000 133004.787100 0 139473.679800 139021.504100 139473.679800   8000 139488.203800 1
9   3.50 1 153114.569200 152555.068400 153114.569200   3500 153121.725400 0 157367.504300 156638.511800 157367.504300   6000 157388.481500 1
10   3.50 1 169086.675200 168455.326900 169086.675200   2500 169105.323900 0 172125.653200 171622.059600 172125.653200   2000 172138.747000 1
11   2.50 1 179158.743300 178238.817900 179158.743300   2500 179172.207200 0 182180.585600 181688.884000 182180.585600   5000 182188.884300 1
12   6.50 1 196422.583300 195255.773200 196422.583300   4500 196439.073700 0 201515.789500 200955.879800 201515.789500   7000 201522.519100 0
13   5.00 1 216234.604900 215589.427200 216234.604900   7000 216239.397000 0 223559.522600 223256.235400 223559.522600   3000 223572.885000 0
14   2.00 0 231134.265000 230639.667100 231134.265000   3500 231139.689600 0 235242.602400 234656.629600 235242.602400   2000 235256.439800 1
15   3.00 1 242399.469200 241823.141900 242399.469200   4500 242406.549800 0 247250.254000 246923.240800 247250.254000   4500 247256.597000 1
16   5.50 1 259781.515100 258823.453000 259781.515100   8000 259790.157500 0 268117.595100 267806.944300 268117.595100   2500 268123.619700 0
17   2.00 0 275048.613000 274690.360500 275048.613000   4500 275057.031700 1 279974.554100 279573.807600 279974.554100   3500 279990.497500 1
18   2.50 0 288716.266700 288057.282800 288716.266700   2500 288723.958500 1 293277.648400 291240.805000 293277.648400   8000 293290.701600 1
19   4.50 0 308311.636600 307857.599100 308311.636600   2500 308324.268400 0 311614.319700 310840.978800 311614.319700   7500 311624.339300 0
20   4.00 0 325780.669700 325191.246100 325780.669700   5000 325791.250400 1 331186.245400 330807.963800 331186.245400   8000 331191.297300 1
21   6.50 0 348417.527900 347758.293900 348417.527900   4000 348424.920200 1 352968.335200 352441.656000 352968.335200   3000 352975.028200 1
22   6.00 0 365171.300400 364041.872400 365171.300400   2500 365191.864400 1 368341.648700 367708.554100 368341.648700   2500 368358.551300 1
23   2.50 0 376289.337900 375425.371700 376289.337900   2500 376308.726300 1 379355.774100 378825.432300 379355.774100   2000 379375.432000 1
24   2.00 0 386496.705900 385442.173500 386496.705900   5000 386508.880100 1 391999.474000 391525.645200 391999.474000   5500 392009.007300 1
25   2.00 0 402134.771500 401575.807300 402134.771500   3500 402142.478000 0 406252.738900 405659.215400 406252.738900   2000 406259.197900 0
--------
20 :Total Won