
trial ITIJitter choice1 rts1 stim1ons_ms choice1ons_ms jitter2 jitter2_ms state rts2 stim2ons_ms choice2ons_ms jitter3 jitter3_ms won

1   3.00 1 28684.266600 28339.712600 28684.266600   4000 28706.658000 1 33433.374000 32723.104300 33433.374000   2000 33439.741200 0
2   3.00 0 40860.301600 40506.566300 40860.301600   3000 40873.242000 0 44302.226800 43889.983300 44302.226800   4500 44306.619500 0
3   8.00 0 59099.391200 58873.534800 59099.391200   3000 59106.870700 1 62643.241400 62123.585700 62643.241400   5000 62656.914200 1
4   4.50 0 74875.279500 74223.776800 74875.279500   7500 74890.461600 0 82920.224200 82407.280000 82920.224200   4500 82940.616000 0
5   2.50 0 92711.299200 92007.410400 92711.299200   6500 92724.090200 1 99507.295000 99240.852300 99507.295000   5000 99524.218100 1
6   4.00 1 110856.298300 110591.002900 110856.298300   3500 110874.363400 0 114827.844200 114391.125200 114827.844200   7000 114841.110100 0
7   3.50 0 127719.283100 127408.008400 127719.283100   5000 127724.634000 1 133566.392200 132741.433300 133566.392200   8000 133574.731600 0
8   6.00 0 149925.365100 149641.670000 149925.365100   5500 149941.694200 0 155857.887900 155458.436700 155857.887900   2000 155875.113400 0
9   3.00 1 163244.229800 162942.012300 163244.229800   2500 163258.613700 0 166204.479000 165775.272700 166204.479000   6500 166208.622400 1
10   2.00 1 178885.408200 176275.436700 178885.408200   2500 178892.177900 1 181990.308800 181408.917700 181990.308800   3500 182008.865200 0
11   2.50 0 193424.327500 190075.638800 193424.327500   8000 193442.345000 1 203201.293300 201459.198000 203201.293300   3000 203209.213600 1
12   3.50 0 218955.926200 211776.064600 218955.926200   8000 218976.065600 1 227458.870800 226992.949500 227458.870800   3500 227476.286600 1
13   3.50 1 237157.123700 236543.099300 237157.123700   2000 237176.431800 0 239729.215100 239193.182600 239729.215100   7500 239743.189700 0
14   4.00 0 253639.170100 253310.070200 253639.170100   7000 253643.377900 1 260967.288000 260660.245100 260967.288000   2500 260976.802200 0
15   2.00 1 267787.906000 267543.624100 267787.906000   4000 267793.645000 0 272197.952200 271810.363400 272197.952200   3000 272210.360000 0
16   3.00 1 280625.275400 280277.204200 280625.275400   5000 280643.764700 1 286077.312000 285660.573100 286077.312000   2500 286093.910600 1
17   4.00 1 294933.290100 294660.716500 294933.290100   4000 294944.052400 0 299571.308700 298960.838200 299571.308700   3000 299577.480100 1
18   3.00 1 311082.880700 307144.244400 311082.880700   4000 311094.318100 1 315129.946200 315111.042500 315129.946200   8000 315161.050900 0
19   7.50 1 333097.464600 332727.992500 333097.464600   2500 333111.333600 1 336315.256800 335628.037300 336315.256800   5000 336328.084100 0
20   3.50 0 347200.217100 346894.909100 347200.217100   2500 347211.572400 1 350265.400000 349728.281600 350265.400000   3500 350278.316600 0
21   2.00 0 358308.883000 357845.107200 358308.883000   2500 358328.410800 1 361321.305000 360845.194000 361321.305000   2000 361328.413800 0
22   7.00 1 372670.398000 372395.335400 372670.398000   8000 372678.652100 0 381156.027600 380695.459300 381156.027600   2500 381162.103000 1
23   8.00 1 393576.348300 393228.998500 393576.348300   5500 393595.636900 0 399575.361600 399112.417800 399575.361600   3500 399595.714000 1
24   5.00 1 409949.384400 409662.594000 409949.384400   3500 409962.592300 0 414006.215100 413479.309300 414006.215100   3000 414012.649300 1
25   4.50 1 423388.334200 423112.836400 423388.334200   2500 423396.105900 0 426364.410500 425929.551200 426364.410500   2000 426379.531900 1
--------
11 :Total Won