
trial ITIJitter choice1 rts1 stim1ons_ms choice1ons_ms jitter2 jitter2_ms state rts2 stim2ons_ms choice2ons_ms jitter3 jitter3_ms won

1   3.00 1 20213.650500 19857.995900 20213.650500   4000 20241.694100 1 24987.014400 24258.035500 24987.014400   2500 25008.056700 0
2   3.50 0 33541.048100 33074.845800 33541.048100   3000 33558.190700 1 37552.893700 36574.887200 37552.893700   2000 37558.262500 1
3   4.00 0 46101.642500 45625.065400 46101.642500   2000 46108.427700 1 48582.215200 48125.120400 48582.215200   5500 48591.786500 0
4   2.50 1 58926.145000 58658.630700 58926.145000   5000 58941.937300 0 64293.036400 63958.685500 64293.036400   3500 64308.791400 0
5   2.50 0 73630.749200 72375.508400 73630.749200   5500 73642.145300 1 79651.018500 79158.944000 79651.018500   4000 79658.903900 1
6   5.50 1 91971.045000 91225.802000 91971.045000   5000 91975.784100 0 97395.101100 96992.591100 97395.101100   5500 97409.230000 0
7   3.50 0 108737.123100 108476.133400 108737.123100   5000 108742.695400 0 114290.677500 113759.968493 114290.677500   2000 114309.530600 0
8   3.00 1 121870.692100 121376.318400 121870.692100   3500 121876.299800 0 126140.693900 125393.039600 126140.693900   6000 126159.708400 0
9   3.50 1 137988.121000 137726.564800 137988.121000   4500 137993.197700 0 142927.718400 142509.973700 142927.718400   2000 142943.315200 0
10   3.00 0 150506.115100 150010.069600 150506.115100   4500 150510.072100 1 155323.604000 155026.831200 155323.604000   7000 155343.494900 0
11   2.50 1 167381.208200 166910.404800 167381.208200   5000 167393.717100 0 172812.260500 172410.463500 172812.260500   3500 172827.136100 0
12   4.50 1 183679.877500 182893.967500 183679.877500   2500 183694.010900 0 187202.731700 186210.673500 187202.731700   4500 187210.656500 1
13   5.50 1 199256.253000 198777.618500 199256.253000   2500 199260.888700 1 202414.604600 201777.733900 202414.604600   7000 202427.605900 1
14   5.50 1 217393.651500 216994.523600 217393.651500   3500 217411.192700 1 222186.009200 220927.947400 222186.009200   7500 222194.585200 1
15   3.50 1 236112.748800 235261.521600 236112.748800   2500 236128.151600 1 239537.998800 238644.913700 239537.998800   4500 239544.897900 0
16   2.00 0 248559.133900 248111.738300 248559.133900   3000 248578.377400 0 251990.054900 251595.097900 251990.054900   2000 251995.059900 1
17   3.50 0 259370.119400 259061.993700 259370.119400   2500 259378.517700 1 262484.271300 261895.255300 262484.271300   4000 262495.264500 1
18   3.50 0 273046.246800 272062.121800 273046.246800   3000 273062.154400 0 278174.050900 276078.851600 278174.050900   8000 278178.869400 0
19   4.00 1 292624.723400 292245.820400 292624.723400   3000 292629.102800 0 296037.142500 295645.823000 296037.142500   3500 296045.820100 1
20   5.50 1 307595.026900 306612.671600 307595.026900   7000 307612.647700 0 315101.148300 314629.451500 315101.148300   2000 315112.790700 0
21   2.00 1 321646.036700 321179.567600 321646.036700   2500 321662.914100 0 324836.959600 324179.615400 324836.959600   5500 324846.278300 1
22   7.00 0 339310.124100 338913.194500 339310.124100   3500 339329.862600 0 343496.978300 342846.592200 343496.978300   7500 343513.223700 1
23   6.00 1 359204.210600 358613.494600 359204.210600   7000 359213.463200 0 366593.139400 366230.299000 366593.139400   6500 366613.655800 0
24   5.00 0 381606.004000 380180.539000 381606.004000   3000 381613.856100 1 385509.258300 384630.586600 385509.258300   2500 385513.860300 0
25   3.50 0 394241.126200 393580.745200 394241.126200   4500 394247.383400 1 399262.656600 398764.143900 399262.656600   3500 399280.842300 0
--------
10 :Total Won