
trial ITIJitter choice1 rts1 stim1ons_ms choice1ons_ms jitter2 jitter2_ms state rts2 stim2ons_ms choice2ons_ms jitter3 jitter3_ms won

1   6.50 1 22063.496000 21623.151800 22063.496000   3500 22090.120100 1 26367.156900 25656.424400 26367.156900   5500 26390.108800 1
2   2.00 1 36233.526600 35973.283000 36233.526600   5500 36240.393608 0 42220.429700 41756.715500 42220.429700   2500 42240.050100 1
3   2.50 0 49085.687100 48806.840900 49085.687100   5000 49107.284666 1 54467.776100 54123.634200 54467.776100   3500 54473.592000 0
4   6.50 0 66879.168800 66540.459100 66879.168800   3000 66890.434100 1 70182.617700 69907.168800 70182.617700   2000 70190.479800 1
5   2.50 1 77014.559100 76757.251700 77014.559100   5000 77023.954500 0 82390.170500 82040.709300 82390.170500   2000 82407.415500 0
6   2.00 1 88926.569100 88474.138600 88926.569100   3500 88940.805000 0 93150.427800 92457.597400 93150.427800   5000 93157.523000 0
7   6.00 1 106438.599500 106224.479400 106438.599500   2000 106457.785300 0 108937.474500 108474.478700 108937.474500   3000 108957.816900 0
8   4.00 0 118263.539400 118024.617200 118263.539400   4000 118274.633800 1 122559.165400 122291.431900 122559.165400   2000 122574.701700 1
9   5.50 1 132367.539000 132141.574800 132367.539000   5500 132374.917700 0 138232.373000 137891.598300 138232.373000   4000 138241.615400 1
10   4.00 1 148056.654500 147808.442200 148056.654500   4000 148075.109800 1 152516.447600 152091.826100 152516.447600   3000 152525.124000 1
11   4.50 1 162362.472900 162091.994500 162362.472900   4000 162375.369400 1 166864.390500 166392.074100 166864.390500   2000 166875.422300 0
12   3.00 0 175139.160800 173942.227700 175139.160800   3500 175158.903900 1 179260.741600 178675.610600 179260.741600   2500 179275.632100 0
13   7.50 0 191600.517700 191342.482600 191600.517700   6000 191609.152400 1 198102.628500 197625.927900 198102.628500   2000 198109.253800 0
14   3.00 1 205426.503700 205176.023300 205426.503700   5000 205442.656700 0 210758.201000 210459.471300 210758.201000   3500 210776.134000 1
15   5.00 1 221078.622200 220843.003500 221078.622200   4000 221092.966200 0 225406.207400 225109.769100 225406.207400   2000 225426.357000 0
16   7.00 0 236828.170300 236493.220400 236828.170300   4000 236843.226500 0 241387.174500 240859.983600 241387.174500   5500 241393.301800 0
17   7.50 1 258168.431300 256460.254000 258168.431300   2000 258176.907900 0 260682.661800 260193.678200 260682.661800   6500 260693.619100 1
18   7.00 1 276002.116500 275760.541800 276002.116500   2500 276010.527900 0 279391.246700 278527.390400 279391.246700   4000 279410.572800 1
19   2.50 1 288229.243000 287477.424600 288229.243000   5000 288244.052900 0 293520.652600 293260.818500 293520.652600   3500 293527.512900 1
20   5.50 1 304368.152700 304144.336800 304368.152700   5500 304377.620900 0 310170.618700 309894.391100 310170.618700   5500 310177.857800 0
21   3.00 0 321014.525800 320744.585700 321014.525800   2000 321027.928900 1 323584.637400 323044.712500 323584.637400   2500 323594.640000 1
22   7.50 0 335917.212100 335661.517600 335917.212100   4000 335928.170300 1 340186.772900 339944.917800 340186.772900   6000 340194.937500 1
23   5.00 0 353590.254700 353261.803800 353590.254700   4000 353595.133900 1 358025.619600 357611.889700 358025.619600   2500 358045.200100 1
24   2.00 1 365408.500100 364611.963300 365408.500100   2000 365428.656100 0 368004.155500 367445.362100 368004.155500   3000 368012.048400 0
25   2.50 0 376541.213500 375578.826100 376541.213500   6500 376545.503900 1 383306.541200 383062.350900 383306.541200   2500 383312.325500 1
--------
14 :Total Won