
trial ITIJitter choice1 rts1 stim1ons_ms choice1ons_ms jitter2 jitter2_ms state rts2 stim2ons_ms choice2ons_ms jitter3 jitter3_ms won

1   2.00 0 21596.765600 20952.463400 21596.765600   2500 21619.472900 1 24758.586300 24135.893800 24758.586300   2500 24769.190800 0
2   2.50 1 32102.703200 31836.014800 32102.703200   6500 32119.321500 1 38991.765000 38636.070300 38991.765000   4000 39002.776400 0
3   5.50 1 50842.648200 50569.617000 50842.648200   4000 50852.953800 0 55205.299300 54869.714900 55205.299300   3500 55219.680000 1
4   2.00 1 62655.643400 62286.530400 62655.643400   3000 62669.773100 0 66059.832000 65686.552200 66059.832000   5000 66069.874000 1
5   3.00 1 75901.574400 75636.667400 75901.574400   2000 75920.041600 0 78320.389700 77936.726100 78320.389700   3000 78336.694900 1
6   8.00 1 91324.904900 90903.599400 91324.904900   6000 91336.975200 0 97688.350200 97353.728300 97688.350200   6500 97703.680500 0
7   2.00 1 108559.790000 108270.621000 108559.790000   3500 108570.561000 1 112552.781700 112087.294600 112552.781700   8000 112570.662400 0
8   3.00 0 125709.678400 125637.520600 125709.678400   2500 125720.859100 1 128653.825300 128237.588800 128653.825300   2500 128670.892800 0
9   2.50 1 137475.663100 135737.673900 137475.663100   2500 137487.697400 0 140288.351200 140004.378300 140288.351200   2000 140304.414700 1
10   4.00 1 148304.282800 147871.190900 148304.282800   7000 148321.215000 0 157090.812400 155337.994100 157090.812400   7000 157104.701100 1
11   3.00 1 168953.917000 168671.573700 168953.917000   2500 168971.549300 1 172363.351500 171488.251900 172363.351500   4000 172371.606200 0
12   3.00 1 181742.627800 181438.461700 181742.627800   8000 181755.096000 0 190123.350100 189771.885700 190123.350100   7500 190138.545600 1
13   4.00 1 203514.381900 203205.449500 203514.381900   2000 203522.118800 0 206269.715000 205538.875800 206269.715000   4000 206288.827500 1
14   5.00 1 217242.682500 216855.679400 217242.682500   6500 217255.669600 1 224494.600800 223772.421100 224494.600800   2000 224505.753900 0
15   2.00 1 231174.567200 230572.535800 231174.567200   4500 231189.202100 0 236142.698200 235706.037900 236142.698200   3500 236155.941300 1
16   3.00 1 244467.319000 244222.776100 244467.319000   2500 244472.787100 0 247543.349000 246989.486500 247543.349000   7000 247556.142200 0
17   2.00 1 259452.882400 258623.006600 259452.882400   4000 259473.025900 0 263702.426300 263489.772500 263702.426300   3000 263723.094000 0
18   3.00 0 272716.711200 271789.922000 272716.711200   2000 272723.252500 1 275585.954400 274739.954400 275585.954400   2000 275606.646000 1
19   2.00 0 282639.739200 281673.463200 282639.739200   6000 282656.746300 1 288972.888400 288673.504000 288972.888400   5500 288990.176500 1
20   3.00 0 300308.323300 299590.356600 300308.323300   6000 300323.684300 1 306840.388700 306340.457300 306840.388700   2000 306857.143300 1
21   3.00 0 315184.749400 313923.958100 315184.749400   3500 315190.635800 1 319148.437100 318707.332900 319148.437100   7000 319157.335400 1
22   4.50 0 333323.810500 332724.237000 333323.810500   2000 333340.923100 1 336218.910700 335357.629500 336218.910700   5500 336224.239300 1
23   3.00 0 348587.682100 346791.137400 348587.682100   3000 348607.843500 1 351988.772300 351624.549900 351988.772300   5000 352007.869400 1
24   4.00 0 364210.411300 363074.744200 364210.411300   3000 364224.793800 1 368462.656800 367241.436300 368462.656800   2000 368474.860700 1
25   3.00 0 376780.648100 375541.632000 376780.648100   6000 376791.629900 1 384872.438200 382808.380000 384872.438200   4000 384891.755000 1
--------
16 :Total Won