
trial ITIJitter choice1 rts1 stim1ons_ms choice1ons_ms jitter2 jitter2_ms state rts2 stim2ons_ms choice2ons_ms jitter3 jitter3_ms won

1   8.00 1 35725.376500 35184.846300 35725.376500   2500 35751.501900 0 39043.772600 38268.253600 39043.772600   3000 39051.560600 0
2   2.00 0 46391.038900 46118.337300 46391.038900   2500 46401.690800 1 49189.896500 48918.480800 49189.896500   7500 49201.747800 1
3   2.00 0 61241.401300 60768.572000 61241.401300   2000 61251.917900 1 63935.655100 63268.630100 63935.655100   2000 63951.962000 1
4   4.00 0 72451.818300 72018.737300 72451.818300   5500 72468.825500 1 78332.481500 77985.522500 78332.481500   3000 78352.184200 0
5   4.50 0 88913.836200 87919.053300 88913.836200   6000 88919.033900 1 95778.960300 94935.816500 95778.960300   2000 95785.827000 1
6   2.50 0 103081.704800 102352.629300 103081.704800   3000 103085.943500 1 106797.813300 106102.666500 106797.813300   6000 106802.678300 1
7   3.00 0 118379.724000 117869.562400 118379.724000   2500 118386.184700 1 122047.852600 120902.894700 122047.852600   5000 122052.881400 0
8   7.00 1 136490.428600 136119.779600 136490.428600   3500 136503.201900 0 140343.434900 140019.854500 140343.434900   2000 140353.211500 0
9   7.50 0 152404.838900 151920.096700 152404.838900   3000 152420.100200 1 156129.469300 155436.790400 156129.469300   2000 156136.799800 1
10   2.50 0 162996.876500 162703.586000 162996.876500   2000 163003.595700 1 165446.452300 165020.285600 165446.452300   7000 165453.620000 0
11   2.00 0 176846.510300 176520.497900 176846.510300   3500 176853.840400 1 180661.805600 180370.541700 180661.805600   2000 180670.553600 1
12   4.50 0 190007.737800 189237.356600 190007.737800   3500 190020.697600 1 194309.488700 193537.418100 194309.488700   2500 194320.779100 0
13   4.50 1 203659.513700 203387.569500 203659.513700   3000 203670.913100 1 207445.501000 206687.638600 207445.501000   5000 207454.317600 1
14   6.00 0 220872.959100 220521.189600 220872.959100   4000 220887.875700 1 225219.919900 224904.620800 225219.919900   5500 225237.954400 1
15   3.50 0 237004.468700 236304.817700 237004.468700   3000 237021.464900 1 240748.984700 240038.170800 240748.984700   2500 240754.877800 1
16   2.00 0 247811.903700 247321.699900 247811.903700   4000 247821.664200 1 252384.863600 251838.385000 252384.863600   2500 252405.050200 1
17   2.50 0 260187.749400 259505.181800 260187.749400   7000 260205.162500 1 267582.459900 267221.987500 267582.459900   2500 267588.635100 1
18   2.50 0 275184.940000 274655.373300 275184.940000   2000 275205.415400 1 277769.671500 277222.184700 277769.671500   3500 277788.819600 0
19   6.00 0 290199.870600 289355.689900 290199.870600   5000 290205.678600 1 295787.503800 295222.417400 295787.503800   2000 295805.760200 0
20   8.00 1 308131.919900 307872.624500 308131.919900   2000 308139.295200 1 310888.857700 310155.996400 310888.857700   2000 310906.016800 1
21   7.50 0 322876.528900 322472.900700 322876.528900   2500 322889.532000 1 325962.761500 325406.293900 325962.761500   3500 325972.997800 1
22   6.50 0 338523.023000 338039.786100 338523.023000   3000 338539.776600 1 341914.027300 341556.503100 341914.027300   8000 341923.190900 0
23   3.00 1 355302.960200 354990.025200 355302.960200   5000 355306.736300 0 360563.468800 360323.499800 360563.468800   2000 360573.516700 0
24   4.50 0 369412.846000 369140.279800 369412.846000   5000 369423.630800 1 374724.943100 374440.363300 374724.943100   2000 374740.431700 1
25   3.00 0 382737.476600 381807.160100 382737.476600   4000 382757.246400 1 387103.878400 386773.917200 387103.878400   4500 387123.995600 1
--------
15 :Total Won