
trial ITIJitter choice1 rts1 stim1ons_ms choice1ons_ms jitter2 jitter2_ms state rts2 stim2ons_ms choice2ons_ms jitter3 jitter3_ms won

1   5.00 0 22568.774600 22005.575700 22568.774600   2500 22588.917700 1 25470.814100 25105.639700 25470.814100   3000 25488.991200 1
2   4.50 0 35593.357300 35055.814100 35593.357300   3000 35605.810700 1 39618.595200 38622.522100 39618.595200   4000 39639.187200 1
3   2.50 0 48982.877400 48206.005700 48982.877400   3500 48989.373600 1 52907.621100 52506.079800 52907.621100   2000 52922.706000 0
4   8.00 1 65863.964800 64989.593200 65863.964800   2000 65872.954100 1 68992.709300 67889.636300 68992.709300   2000 69006.337200 0
5   2.00 1 75363.595100 75073.104600 75363.595100   7500 75373.108500 0 83130.754600 82889.913300 83130.754600   3500 83139.904400 1
6   6.00 1 94901.371500 94206.768800 94901.371500   2500 94906.768500 0 98045.821800 97423.476000 98045.821800   4000 98056.826700 0
7   6.00 0 111036.655900 110123.706300 111036.655900   4000 111057.025300 1 115435.922700 115073.769800 115435.922700   3500 115440.471600 1
8   2.50 0 124421.917000 123507.211600 124421.917000   7000 124440.610100 1 131876.812800 131457.372900 131876.812800   3500 131890.718100 1
9   2.50 0 140284.781900 139957.497800 140284.781900   3500 140290.848900 0 144364.618700 143807.592400 144364.618700   3000 144374.239700 0
10   8.00 1 159436.668100 157441.141600 159436.668100   2000 159441.152800 0 161871.740800 161457.869500 161871.740800   2000 161891.140700 0
11   3.00 0 169290.645600 168957.965800 169290.645600   6500 169307.996300 1 176504.682200 175824.724700 176504.682200   4000 176524.768600 1
12   5.00 0 187909.677000 187591.617500 187909.677000   4000 187924.953700 0 192631.709200 191941.676100 192631.709200   3500 192641.738000 0
13   4.00 0 202922.686400 202208.521300 202922.686400   3500 202958.491700 1 207118.915100 206475.288000 207118.915100   4500 207125.279100 0
14   4.00 1 218333.853200 217692.131500 218333.853200   2000 218342.132000 0 220913.840900 220358.804700 220913.840900   3500 220925.530600 1
15   8.00 1 234436.433300 233992.419400 234436.433300   4500 234442.388900 0 239297.829200 238959.120600 239297.829200   2000 239309.137000 1
16   5.50 1 249038.813200 248376.021600 249038.813200   2500 249059.285800 0 252863.358700 251575.999900 252863.358700   6500 252876.046600 1
17   6.50 1 267760.407300 267442.928600 267760.407300   2000 267776.272000 0 270462.761400 269792.982200 270462.761400   5500 270476.323900 0
18   6.00 0 284582.797200 284043.214100 284582.797200   4000 284593.167900 0 289347.693800 288609.995800 289347.693800   3000 289359.943200 0
19   2.00 0 296757.711400 296426.739000 296757.711400   5500 296776.724700 1 302535.840500 302293.511800 302535.840500   2000 302543.424800 1
20   6.50 0 313933.810300 313143.668900 313933.810300   3500 313943.692400 0 319550.624500 317460.404500 319550.624500   4500 319560.446600 0
21   3.00 1 329575.753700 329127.270000 329575.753700   7500 329593.949600 0 337344.074900 337110.709800 337344.074900   2500 337360.760400 1
22   4.50 1 346267.857900 345927.582400 346267.857900   2500 346277.504900 0 349201.854000 348794.324600 349201.854000   7000 349210.917300 1
23   5.50 1 364006.881800 363277.856600 364006.881800   5000 364011.189200 0 369296.754800 369027.931200 369296.754800   2000 369311.209900 1
24   2.00 1 375778.941000 374878.022300 375778.941000   6000 375794.742900 0 382095.850900 381811.495300 382095.850900   2500 382111.454000 0
25   3.50 0 390591.791900 390178.270900 390591.791900   4000 390611.616500 0 395541.842800 394628.352000 395541.842800   4500 395561.677600 1
--------
14 :Total Won