
trial ITIJitter choice1 rts1 stim1ons_ms choice1ons_ms jitter2 jitter2_ms state rts2 stim2ons_ms choice2ons_ms jitter3 jitter3_ms won

1   7.00 1 23947.924800 22770.374900 23947.924800   3500 23970.759400 1 28224.261700 27487.099400 28224.261700   2500 28237.096500 1
2   3.00 0 36141.932200 35803.937100 36141.932200   6500 36153.942600 1 43186.449800 42670.697100 43186.449800   4500 43204.034400 1
3   4.00 0 54698.930900 53770.869500 54698.930900   2500 54704.210500 0 59033.341900 57220.925400 59033.341900   3000 59054.313700 0
4   6.50 0 71236.872700 70621.145100 71236.872700   2500 71254.468300 1 74134.323800 73771.220200 74134.323800   3000 74154.550200 0
5   2.00 0 81753.182700 81221.297800 81753.182700   4500 81771.350200 1 86892.896600 86288.071300 86892.896600   3500 86904.751800 1
6   3.00 0 95899.931800 95471.561400 95899.931800   5000 95904.857900 1 101332.315900 100921.646200 101332.315900   7000 101338.324200 1
7   2.50 0 113308.943000 112905.183500 113308.943000   4000 113321.847000 1 117766.254000 117338.649900 117766.254000   4500 117771.928000 1
8   3.50 0 128298.439400 127838.762100 128298.439400   5500 128305.442800 1 134541.500100 133822.180000 134541.500100   2500 134555.526000 1
9   3.00 0 142571.886300 142122.312400 142571.886300   2500 142588.986800 1 145689.201500 145105.647200 145689.201500   6500 145705.700700 0
10   3.00 0 157584.224900 157272.566200 157584.224900   4000 157589.229900 1 161955.453800 161605.959100 161955.453800   2500 161972.655500 1
11   6.00 0 172899.434600 172539.485100 172899.434600   3500 172906.161500 0 177183.388200 176422.903900 177183.388200   2000 177189.560900 1
12   5.50 1 186551.906200 186256.387500 186551.906200   4500 186556.397900 0 191339.358100 191073.127600 191339.358100   3000 191356.438800 0
13   4.00 0 200686.204100 200423.258000 200686.204100   3000 200706.583800 1 204064.523500 203723.300200 204064.523500   2000 204073.357800 1
14   4.50 0 213147.343700 212640.129100 213147.343700   7500 213156.770200 1 221467.374000 220673.582500 221467.374000   3000 221473.619100 0
15   3.50 0 230509.393200 230040.464400 230509.393200   2000 230523.783900 1 233061.888100 232540.516400 233061.888100   6500 233073.779200 0
16   4.00 1 246024.890900 245640.678500 246024.890900   4000 246040.676900 0 250361.436100 250057.421500 250361.436100   7500 250374.094600 1
17   3.50 1 263377.400800 262974.304600 263377.400800   3500 263390.930300 0 267365.356300 266907.679800 267365.356300   2000 267374.383800 1
18   8.00 1 279321.998600 278941.257700 279321.998600   2000 279341.223200 0 281925.254400 281357.930700 281925.254400   2500 281941.288100 0
19   6.00 1 292823.948000 292508.130400 292823.948000   4500 292841.446000 1 297934.185700 297358.202100 297934.185700   3000 297941.528200 1
20   2.50 0 306013.002400 305508.327500 306013.002400   7000 306024.979600 1 313475.178200 313041.857900 313475.178200   6500 313491.808900 0
21   2.50 1 324866.360900 324558.654600 324866.360900   7500 324875.305500 0 332680.014200 332392.095500 332680.014200   4000 332692.078000 1
22   4.00 1 342653.484700 342258.915900 342653.484700   3500 342658.950200 0 346644.400100 346175.650700 346644.400100   3000 346658.974700 0
23   3.00 1 355034.023400 354725.826000 355034.023400   2000 355042.459700 0 357462.589200 357059.162800 357462.589200   4000 357475.839800 1
24   2.50 1 365943.998900 365542.710100 365943.998900   2500 365959.326300 0 369173.995300 368476.019800 369173.995300   3500 369192.701200 0
25   7.00 0 382186.427900 381759.543000 382186.427900   6000 382192.945400 1 388526.905800 388209.768900 388526.905800   2500 388542.987500 0
--------
14 :Total Won