
trial ITIJitter choice1 rts1 stim1ons_ms choice1ons_ms jitter2 jitter2_ms state rts2 stim2ons_ms choice2ons_ms jitter3 jitter3_ms won

1   2.50 1 24407.966000 22269.093100 24407.966000   3000 24436.204100 0 28182.417800 27452.493600 28182.417800   2000 28202.501700 1
2   4.00 1 36307.402600 35769.291600 36307.402600   2000 36319.246300 1 39616.970100 38335.970600 39616.970100   3000 39636.003200 1
3   4.00 1 49229.989000 48702.813400 49229.989000   4500 49236.135000 1 54223.308800 53752.867600 54223.308800   3000 54236.198800 1
4   2.50 1 62600.381200 61802.989800 62600.381200   3000 62619.652800 1 66263.452000 65636.333700 66263.452000   2500 66269.725400 1
5   4.50 1 75839.228400 75336.515500 75839.228400   5000 75853.198000 1 81375.428100 80869.920100 81375.428100   2500 81386.598400 0
6   4.00 1 90305.359800 89953.403900 90305.359800   6000 90320.056100 0 97359.214700 96336.816300 97359.214700   3500 97370.161400 1
7   5.00 1 107792.311100 107436.968500 107792.311100   5500 107803.672900 0 113869.315300 113320.426600 113869.315300   4000 113887.057800 0
8   2.00 1 122333.456200 121953.851600 122333.456200   6500 122353.869800 1 129554.150800 128870.634700 129554.150800   5000 129570.668400 1
9   2.50 1 139494.082400 139137.428500 139494.082400   4500 139504.089900 0 144752.280300 144020.835000 144752.280300   3500 144770.874800 0
10   2.00 0 152711.060500 152337.649500 152711.060500   4500 152720.951100 1 158182.042400 157237.682300 158182.042400   2500 158187.696500 1
11   3.00 0 166160.249800 165754.461600 166160.249800   3000 166171.174300 1 170495.202000 169187.863000 170495.202000   2000 170504.539600 1
12   5.50 0 180465.248300 180071.476500 180465.248300   2000 180471.348000 1 183051.192700 182488.070800 183051.192700   5000 183071.372600 1
13   2.00 0 192544.140700 192138.165500 192544.140700   2500 192554.852300 1 195464.254100 195071.564400 195464.254100   7500 195471.562100 1
14   7.50 0 212901.039900 212571.808300 212901.039900   4500 212921.807200 1 217942.115200 217438.552100 217942.115200   8000 217955.231600 0
15   3.00 0 231376.934300 231022.079000 231376.934300   3500 231388.753300 0 236609.663900 234905.488400 236609.663900   2500 236622.184900 0
16   2.50 0 244010.153200 243688.932000 244010.153200   4000 244022.252200 1 248411.037600 248038.992800 248411.037600   2500 248422.334700 0
17   4.00 0 257372.575300 256989.114200 257372.575300   5000 257389.115200 1 262747.883500 262405.855800 262747.883500   3500 262755.858300 1
18   6.50 0 275198.095200 274822.705900 275198.095200   4500 275206.027700 1 280086.867100 279722.773800 280086.867100   4500 280106.129300 0
19   4.50 0 291486.021600 291172.962100 291486.021600   5000 291506.263100 1 296900.111700 296523.240400 296900.111700   4000 296906.346000 0
20   2.50 0 305910.969800 305473.135900 305910.969800   4500 305923.139600 1 310720.871500 310439.867200 310720.871500   2000 310739.854800 0
21   3.50 1 318640.033900 318306.674200 318640.033900   4000 318656.667900 0 323159.823700 322673.390000 323159.823700   2000 323173.402800 1
22   5.00 1 332094.893600 331740.238300 332094.893600   2000 332106.888400 1 334985.439700 334123.558500 334985.439700   7500 334990.240900 0
23   3.50 1 348472.005600 348057.125200 348472.005600   2500 348490.418800 0 351431.390100 351007.132400 351431.390100   3000 351440.451300 1
24   4.00 1 360346.876800 360007.249200 360346.876800   7500 360357.252500 0 368344.945000 367874.024700 368344.945000   2000 368357.322800 1
25   2.50 1 374808.324600 374424.153900 374808.324600   4500 374824.131900 0 379718.358900 379340.915900 379718.358900   2000 379724.190300 0
--------
14 :Total Won