
trial ITIJitter choice1 rts1 stim1ons_ms choice1ons_ms jitter2 jitter2_ms state rts2 stim2ons_ms choice2ons_ms jitter3 jitter3_ms won

1   6.00 0 29213.556900 28245.131300 29213.556900   3000 29228.693300 1 32797.855400 32261.779300 32797.855400   5500 32811.947500 0
2   3.00 1 43951.442900 43378.749300 43951.442900   4500 43961.971400 0 49350.438800 48478.710900 49350.438800   4500 49362.059200 1
3   3.00 1 59204.797300 58428.887100 59204.797300   2500 59245.504800 0 62465.407200 61762.242900 62465.407200   4000 62478.947900 1
4   5.00 1 73648.732800 73045.725800 73648.732800   6500 73662.475000 0 80655.772000 80179.175200 80655.772000   4000 80662.504100 1
5   4.50 1 91406.447600 90729.344700 91406.447600   2500 91429.306700 1 94799.704800 93946.026000 94799.704800   3500 94812.730700 0
6   4.00 1 106294.788600 104379.548700 106294.788600   3000 106312.864200 0 110052.563800 109329.580800 110052.563800   5000 110062.945300 1
7   2.00 1 119323.334100 118629.735100 119323.334100   3000 119329.719500 1 123038.871500 122346.439200 123038.871500   5500 123046.465000 0
8   5.50 1 136658.796300 136113.300100 136658.796300   7500 136663.307700 0 144568.632800 144180.119600 144568.632800   6500 144580.087200 1
9   5.50 0 158797.606600 158146.956900 158797.606600   3000 158813.634000 1 162535.639700 161830.366200 162535.639700   2000 162547.007100 0
10   4.00 1 171158.634600 170613.783300 171158.634600   2500 171163.796100 0 174112.191200 173680.516000 174112.191200   7000 174130.510700 1
11   2.50 1 189558.711200 185197.345100 189558.711200   6500 189564.059100 1 197272.876100 196080.823500 197272.876100   6500 197280.879300 0
12   2.50 1 209171.212400 208347.731900 209171.212400   2500 209181.019600 0 212106.224700 211697.712800 212106.224700   7000 212114.386900 0
13   2.50 1 225157.222700 223681.236400 225157.222700   2500 225164.589100 0 228720.657800 227681.272900 228720.657800   3500 228731.301300 0
14   6.50 0 243279.141900 240798.120300 243279.141900   5500 243298.172500 1 249257.656300 248814.914600 249257.656300   3500 249264.918300 0
15   7.00 0 262600.536600 261831.777900 262600.536600   5000 262615.104800 1 268892.091400 267631.848600 268892.091400   2500 268898.522500 0
16   3.00 0 277630.505400 276465.349600 277630.505400   4000 277648.694500 1 282312.576700 281665.389100 282312.576700   2500 282332.076600 1
17   4.50 0 292206.015400 291398.877100 292206.015400   6500 292215.549600 0 299711.032500 298732.294400 299711.032500   3000 299715.661500 0
18   7.00 0 312263.499000 311782.526300 312263.499000   2000 312282.497200 1 315241.631600 314299.227200 315241.631600   3000 315249.201200 1
19   5.50 0 326803.970900 325816.049400 326803.970900   4500 326816.045600 0 334813.363800 331332.785800 334813.363800   4500 334832.840500 0
20   3.00 0 345303.347900 344399.658800 345303.347900   6000 345316.313300 1 352216.248100 351333.046900 352216.248100   2000 352233.066600 1
21   5.50 0 362548.552100 361799.877800 362548.552100   3500 362566.546600 1 367380.444100 366083.261300 367380.444100   5500 367399.951300 1
22   4.50 0 380833.367700 379500.141400 380833.367700   5500 380850.176700 1 387320.923500 386366.963000 387320.923500   3000 387333.579500 0
23   4.50 0 398285.260500 396900.388000 398285.260500   8000 398300.415600 1 406866.276900 406317.161900 406866.276900   3000 406883.859000 1
24   8.00 1 421110.152100 419950.739000 421110.152100   6000 421117.402500 0 428354.218800 427134.136400 428354.218800   3000 428367.494100 1
25   4.50 0 438066.178800 437434.297900 438066.178800   2000 438084.298300 1 440665.381600 440100.990400 440665.381600   2500 440684.368400 1
--------
13 :Total Won