
trial ITIJitter choice1 rts1 stim1ons_ms choice1ons_ms jitter2 jitter2_ms state rts2 stim2ons_ms choice2ons_ms jitter3 jitter3_ms won

1   2.50 0 17178.548900 16661.080700 17178.548900   6500 17194.769200 0 24430.765400 23711.191700 24430.765400   2000 24444.544400 1
2   2.00 0 30453.326900 30011.271500 30453.326900   3500 30461.297400 1 35867.464800 33978.006600 35867.464800   2500 35878.030500 1
3   3.50 0 44632.304200 43944.813000 44632.304200   2500 44644.822800 1 47477.725800 47161.524100 47477.725800   2000 47494.887700 0
4   3.50 0 57588.191200 55061.668800 57588.191200   3000 57595.022700 1 61748.880000 60611.721800 61748.880000   3500 61761.747200 0
5   8.00 0 75748.760000 75328.591000 75748.760000   4500 75761.934800 1 80793.747000 80278.678800 80793.747000   4000 80812.026900 0
6   7.50 1 95355.235600 94378.917100 95355.235600   4500 95362.212200 0 100576.457000 99878.961900 100576.457000   3000 100595.628400 0
7   3.50 1 110927.647000 109162.416600 110927.647000   2000 110945.801600 0 113488.197900 112962.535700 113488.197900   2000 113495.814200 1
8   6.50 1 124257.151900 123562.629900 124257.151900   3000 124262.638800 0 127921.599300 127279.340800 127921.599300   2000 127929.355200 1
9   4.50 0 136376.089300 135996.173200 136376.089300   5000 136396.150900 1 142005.308900 141412.887000 142005.308900   3000 142012.889600 0
10   2.00 0 149517.377900 149079.674400 149517.377900   2000 149529.658100 1 152656.566200 151546.384600 152656.566200   2000 152663.047100 0
11   2.50 0 160703.529500 159229.894300 160703.529500   3500 160713.177500 1 165249.466300 164229.886300 165249.466300   2000 165263.250300 0
12   2.50 0 174637.091100 171829.987400 174637.091100   4000 174646.701900 1 179603.557700 178663.420000 179603.557700   4500 179613.432600 0
13   3.50 1 190415.425200 189680.327500 190415.425200   4500 190430.262000 0 195483.263700 194946.982500 195483.263700   7000 195496.997400 1
14   6.00 1 210827.996900 210063.871000 210827.996900   3000 210847.205200 0 214523.917000 213863.918300 214523.917000   2000 214530.598700 1
15   3.50 1 222200.893500 221597.349900 222200.893500   2500 222214.042900 0 226233.284200 224730.758000 226233.284200   2000 226247.436500 1
16   7.50 1 240225.164700 237314.263900 240225.164700   2500 240230.971000 0 243635.217700 242747.664700 243635.217700   2500 243647.671400 0
17   5.00 0 253693.445600 253214.490900 253693.445600   4000 253697.829300 0 258520.317900 257714.546200 258520.317900   7000 258531.234200 0
18   5.50 0 273907.333100 273098.171500 273907.333100   4500 273914.786700 1 279045.359500 278431.546600 279045.359500   5500 279064.884700 1
19   2.00 0 289282.788500 288631.671400 289282.788500   2000 289298.337400 1 291798.279200 291315.009600 291798.279200   2000 291815.032000 1
20   2.00 0 298714.116800 297881.851800 298714.116800   7000 298731.808200 1 306785.107700 305748.586000 306785.107700   5500 306798.592500 0
21   6.00 0 320751.364400 320365.459600 320751.364400   5000 320765.480100 1 326371.287500 325782.186100 326371.287500   4500 326382.213200 1
22   2.00 0 335419.354100 334982.318500 335419.354100   7500 335432.332500 1 343290.713300 342949.106700 343290.713300   2500 343299.064700 1
23   6.50 0 355172.232100 354365.975000 355172.232100   8000 355182.619800 1 363788.158600 363199.411200 363788.158600   3000 363799.410400 1
24   2.50 0 372182.801800 371366.229200 372182.801800   4000 372199.539400 1 377641.258800 376216.246300 377641.258800   3000 377649.605700 1
25   2.00 0 385334.110600 384716.381800 385334.110600   3500 385349.713700 1 389715.058500 388866.431500 389715.058500   3500 389733.144500 0
--------
13 :Total Won