
trial ITIJitter choice1 rts1 stim1ons_ms choice1ons_ms jitter2 jitter2_ms state rts2 stim2ons_ms choice2ons_ms jitter3 jitter3_ms won

1   2.00 1 17176.039200 16510.000400 17176.039200   5000 17193.625100 0 22841.403300 22210.104000 22841.403300   3000 22860.098700 1
2   7.50 1 35555.777000 34926.959900 35555.777000   7000 35560.287000 1 43041.779700 42577.042000 43041.779700   2000 43060.377900 1
3   3.00 1 50560.446000 50127.185300 50560.446000   3500 50577.169400 0 54923.430600 54093.925800 54923.430600   7000 54943.860600 0
4   2.00 1 66551.792000 66010.714200 66551.792000   4500 66560.739400 0 71823.837100 71077.437600 71823.837100   2500 71844.125800 1
5   7.00 1 83347.652300 82910.970900 83347.652300   3500 83360.951400 1 87490.849600 86877.681500 87490.849600   4000 87511.028000 1
6   2.50 1 96496.677200 96077.778100 96496.677200   3000 96511.168800 0 100002.366500 99527.839000 100002.366500   2500 100011.193800 0
7   5.00 1 110014.320700 109577.994500 110014.320700   5000 110028.013300 0 115334.842700 115044.755600 115334.842700   2000 115344.749800 0
8   5.50 1 125314.574700 124911.550100 125314.574700   3000 125328.224800 0 128680.250500 128344.979000 128680.250500   2500 128694.941600 0
9   5.50 0 139116.245500 138761.748900 139116.245500   3000 139128.434300 1 142531.300600 142145.134700 142531.300600   8000 142545.127800 1
10   2.50 0 155591.627300 155111.972300 155591.627300   3500 155611.981600 1 159963.611600 159128.735000 159963.611600   2500 159978.703300 1
11   4.50 0 169584.661700 169045.525300 169584.661700   5000 169595.527100 1 174941.689600 174612.246900 174941.689600   2000 174962.278800 1
12   4.50 0 184167.523000 183529.064200 184167.523000   3500 184179.070000 1 191202.582900 187695.771900 191202.582900   2000 191212.533800 0
13   8.00 0 203799.712000 203279.319000 203799.712000   2500 203812.682300 1 206917.530300 206329.381700 206917.530300   4500 206929.393600 1
14   3.00 0 218377.327100 216496.190900 218377.327100   2500 218396.209300 1 221260.446400 220912.915900 221260.446400   5000 221279.565700 1
15   5.00 0 233735.049200 233346.430900 233735.049200   2000 233746.501900 1 236129.411800 235763.120400 236129.411800   7500 236146.481000 0
16   2.00 0 248073.449300 247713.299200 248073.449300   5500 248079.973100 1 253943.040800 253596.742900 253943.040800   4000 253963.413600 0
17   2.00 1 262330.264400 262030.193800 262330.264400   3500 262346.837000 0 266744.078100 265863.594000 266744.078100   4000 266763.531200 1
18   7.00 1 279938.330300 279363.763600 279938.330300   4000 279947.098300 0 284497.394900 283963.825500 284497.394900   3000 284513.816600 1
19   2.00 1 291667.350600 291080.603300 291667.350600   3000 291680.595000 0 295228.990100 294697.316800 295228.990100   6500 295247.305100 1
20   2.00 1 305868.506400 305314.158100 305868.506400   5000 305880.796900 1 312054.403400 310897.535800 312054.403400   3000 312064.189100 0
21   2.50 1 319970.346200 319631.021500 319970.346200   2500 319981.008500 0 322912.932500 322497.714000 322912.932500   5000 322931.037300 0
22   2.00 1 332709.231100 331997.839300 332709.231100   3500 332714.510900 0 337608.404400 336231.226100 337608.404400   7500 337614.576900 1
23   5.50 1 352745.277100 352181.468400 352745.277100   4500 352764.790800 0 357874.265700 357281.571700 357874.265700   2000 357881.542500 1
24   4.00 1 365788.901400 365448.324500 365788.901400   5500 365798.328000 1 372917.263700 371315.068100 372917.263700   4000 372931.751000 0
25   3.00 1 383037.900800 381998.585400 383037.900800   3500 383048.594200 0 387489.846900 386565.313300 387489.846900   6000 387498.630300 1
--------
15 :Total Won