
trial ITIJitter choice1 rts1 stim1ons_ms choice1ons_ms jitter2 jitter2_ms state rts2 stim2ons_ms choice2ons_ms jitter3 jitter3_ms won

1   2.00 1 21010.898000 20674.971900 21010.898000   5500 21025.395100 0 26908.736600 26541.748000 26908.736600   3000 26925.080000 1
2   6.50 1 38420.444800 37991.897100 38420.444800   4000 38425.220800 0 42783.926300 42441.958800 42783.926300   2500 42791.963500 1
3   4.50 1 51803.421900 51358.809700 51803.421900   5000 51808.750800 1 58177.824700 56825.490200 58177.824700   2000 58192.180000 0
4   4.50 1 67070.892600 66758.971100 67070.892600   2500 67075.655500 0 70182.330400 69592.339200 70182.330400   6000 70192.353800 1
5   3.00 1 81131.393000 80759.170100 81131.393000   8000 81142.502000 0 90021.791900 89159.278900 90021.791900   6000 90025.986900 1
6   5.50 1 103582.778300 103092.810900 103582.778300   5000 103592.848400 0 109674.743600 108609.565400 109674.743600   3500 109692.934100 1
7   2.50 1 118254.764400 117259.729500 118254.764400   3000 118259.701800 0 121557.763400 121276.412100 121557.763400   3500 121576.430200 1
8   6.00 1 133030.249900 132643.240500 133030.249900   6500 133043.225400 0 139950.225200 139559.955400 139950.225200   3500 139960.050500 1
9   2.00 1 147555.596500 147026.791200 147555.596500   4000 147560.077400 0 151812.613500 151576.844600 151812.613500   2500 151826.874000 1
10   7.00 1 163359.241700 162893.682900 163359.241700   3000 163377.009000 1 167266.203400 166393.703900 167266.203400   2500 167277.053100 0
11   5.50 1 178184.724900 177343.887000 178184.724900   3500 178193.889900 0 182551.405500 181710.620000 182551.405500   6500 182560.618200 0
12   4.00 1 195738.531800 195127.465900 195738.531800   2000 195744.209700 0 198516.391800 197760.838800 198516.391800   2500 198527.511400 1
13   2.00 1 205128.615900 204594.272700 205128.615900   3000 205144.305700 0 208442.143200 208160.969300 208442.143200   2000 208461.019800 0
14   2.00 1 215069.617100 214527.824700 215069.617100   2000 215077.747500 0 217587.389100 217094.440500 217587.389100   5000 217594.452900 0
15   7.50 1 233614.041500 232161.319700 233614.041500   6000 233628.020300 0 240080.370600 239644.770500 240080.370600   4000 240094.831100 0
16   5.00 0 251644.425700 251161.602900 251644.425700   6000 251661.688400 1 258024.356100 257678.415400 258024.356100   2000 258045.022100 1
17   7.00 0 269575.066500 269145.194700 269575.066500   3000 269595.187400 1 273186.065300 272611.896800 273186.065300   3000 273195.229900 1
18   2.50 0 281321.958800 280762.030300 281321.958800   4000 281328.699700 1 286012.077800 285345.420900 286012.077800   8000 286028.758000 1
19   2.00 0 298518.345900 298095.599800 298518.345900   3000 298528.945700 1 302923.005200 301545.671000 302923.005200   5000 302928.995200 1
20   4.00 0 314917.000300 313995.860500 314917.000300   5500 314929.190700 1 321197.427200 320445.916000 321197.427200   8000 321212.597100 1
21   3.00 0 334628.144600 334279.477100 334628.144600   5000 334646.130800 1 340029.432500 339662.851700 340029.432500   2000 340046.179000 1
22   7.50 0 352612.296100 351613.013900 352612.296100   3000 352629.751400 1 357239.828800 355646.416000 357239.828800   6500 357246.479600 1
23   3.50 0 369822.915300 369313.291700 369822.915300   6500 369829.975700 0 377039.278700 376346.746900 377039.278700   5000 377046.740800 0
24   4.50 0 389560.150700 388613.571100 389560.150700   2500 389580.232600 0 393906.172600 392096.919400 393906.172600   2500 393913.634500 0
25   7.00 0 406075.208900 405480.461800 406075.208900   7500 406080.472700 1 414253.844100 413597.229000 414253.844100   4500 414263.926800 1
--------
17 :Total Won