
trial ITIJitter choice1 rts1 stim1ons_ms choice1ons_ms jitter2 jitter2_ms state rts2 stim2ons_ms choice2ons_ms jitter3 jitter3_ms won

1   4.50 0 21572.321300 20649.303800 21572.321300   5000 21599.596500 1 27110.790600 26616.050200 27110.790600   3500 27132.721600 1
2   5.00 0 38498.005200 37699.545100 38498.005200   2000 38516.226600 1 46941.742200 40532.912600 46941.742200   5000 46949.659600 1
3   4.00 0 58694.183300 58016.506800 58694.183300   4500 58699.850100 1 63607.725200 63216.575900 63607.725200   6500 63616.531600 1
4   3.00 0 75638.055300 75183.411400 75638.055300   8000 75650.079800 1 84294.950900 83666.856000 84294.950900   4000 84300.198700 0
5   4.00 1 95867.025200 94367.048300 95867.025200   7000 95883.698000 0 104057.686900 102900.466800 104057.686900   2000 104067.153100 0
6   2.00 1 112067.057600 110133.919800 112067.057600   4500 112083.944000 0 117239.103100 116600.695800 117239.103100   3500 117250.683000 0
7   6.00 0 129201.138000 128817.529000 129201.138000   2500 129217.521500 1 132618.611600 131734.231800 132618.611600   3500 132634.241400 1
8   4.00 0 142669.941800 142201.041500 142669.941800   6000 142684.384400 1 149261.040600 148701.135900 149261.040600   2000 149267.809000 1
9   4.50 0 158347.901300 157834.601600 158347.901300   8000 158367.960500 1 167086.924900 166384.733700 167086.924900   2000 167101.394000 1
10   2.50 1 174359.899900 173668.152800 174359.899900   2500 174368.162800 1 177708.777200 176884.864100 177708.777200   5500 177718.232800 1
11   2.00 1 188189.777200 187285.027500 188189.777200   5500 188201.730700 0 194372.861800 193718.441600 194372.861800   2000 194385.124600 0
12   4.00 0 202876.748200 202451.935600 202876.748200   2000 202885.233500 1 205463.912800 204901.933800 205463.912800   4500 205468.624500 1
13   2.50 0 215013.840900 214535.434500 215013.840900   5500 215018.741800 1 221011.891400 220535.498600 221011.891400   3500 221018.792300 1
14   4.50 0 232091.937500 231085.661100 232091.937500   2000 232102.329100 1 234897.703700 234119.023800 234897.703700   2500 234902.367900 1
15   2.50 1 242485.824600 242002.488600 242485.824600   2000 242502.495100 1 245441.432100 244519.175800 245441.432100   3500 245452.524900 1
16   2.00 0 253642.894400 253019.307600 253642.894400   2500 253652.585300 1 256654.343900 256169.344600 256654.343900   2000 256669.345500 1
17   2.00 0 263257.639300 262736.101500 263257.639300   3500 263269.436300 0 267704.877100 266786.158700 267704.877100   2000 267719.533400 0
18   4.50 0 278476.775900 276286.306200 278476.775900   2000 278486.352200 1 280977.677700 280503.019400 280977.677700   2000 280986.390000 0
19   4.50 1 290152.589100 289553.180600 290152.589100   4500 290169.868800 0 295288.335100 294686.547800 295288.335100   4000 295303.228600 1
20   8.00 1 309558.745500 308870.148600 309558.745500   3500 309570.103700 0 313484.755000 313086.817200 313484.755000   2000 313503.503800 0
21   3.00 1 322106.684300 320570.263900 322106.684300   5500 322120.294500 0 328246.890200 327637.033800 328246.890200   2500 328253.740800 1
22   3.50 0 336459.881200 335820.500000 336459.881200   2000 336470.514700 0 339200.682000 338487.184400 339200.682000   4500 339220.528700 1
23   3.50 1 349417.550500 348787.334300 349417.550500   3000 349437.346200 1 353443.200900 352454.058400 353443.200900   6500 353454.075300 1
24   7.50 0 370307.293400 369520.981500 370307.293400   2500 370320.981100 1 373311.477000 372837.676000 373311.477000   6500 373321.027300 0
25   4.00 0 386574.669100 385887.914800 386574.669100   8000 386587.888600 0 395338.483200 394604.660900 395338.483200   2500 395354.671700 1
--------
17 :Total Won