
trial ITIJitter choice1 rts1 stim1ons_ms choice1ons_ms jitter2 jitter2_ms state rts2 stim2ons_ms choice2ons_ms jitter3 jitter3_ms won

1   4.00 1 28766.164500 27977.252800 28766.164500   4500 28794.199200 0 33866.983800 33310.680600 33866.983800   2000 33877.335600 0
2   6.50 0 45519.801800 44444.153600 45519.801800   5000 45527.480800 0 50882.751900 50544.233900 50882.751900   2000 50894.230400 1
3   3.50 0 58605.219400 57961.009100 58605.219400   8000 58611.012200 1 67371.996700 66627.787500 67371.996700   7000 67377.807300 1
4   4.00 0 80855.208900 80444.692200 80855.208900   7000 80861.333200 1 88614.971900 87878.101700 88614.971900   4500 88628.106700 0
5   5.50 0 101148.730600 100694.977200 101148.730600   5500 101161.615600 1 107318.650100 106678.366900 107318.650100   3000 107328.376800 0
6   7.50 0 120251.030300 119895.230300 120251.030300   4500 120261.895600 1 125637.093900 124778.616900 125637.093900   4000 125645.305800 1
7   4.50 0 136806.163500 136212.138600 136806.163500   2500 136812.115700 1 140171.071100 139328.828900 140171.071100   2000 140178.851600 1
8   4.50 0 149081.558100 148745.627200 149081.558100   8000 149095.641300 1 158120.020300 157112.419600 158120.020300   2000 158129.127400 0
9   3.00 0 166289.925400 165195.930700 166289.925400   2000 166295.891700 1 168961.621000 168312.583900 168961.621000   2000 168979.261000 1
10   2.00 0 175640.576400 175046.015800 175640.576400   4000 175646.043800 1 180451.960400 179662.747900 180451.960400   5500 180462.776800 0
11   5.50 0 193852.843900 193529.648400 193852.843900   3500 193862.949900 1 198262.988700 197379.656400 198262.988700   2000 198279.697000 0
12   5.50 0 208323.051000 207846.482700 208323.051000   2000 208329.890200 1 211122.914800 210346.513900 211122.914800   2000 211129.860900 0
13   2.50 0 218044.520200 217696.615300 218044.520200   5500 218063.299600 1 224217.473700 223580.055900 224217.473700   3000 224230.060800 1
14   6.00 0 235633.879000 235296.924600 235633.879000   6000 235646.897100 1 242366.852600 241663.644900 242366.852600   2500 242380.291500 0
15   8.00 0 255740.781200 254947.137600 255740.781200   2500 255747.169300 1 259008.818800 258263.869700 259008.818800   3000 259013.889200 0
16   6.00 0 270454.406100 270080.722100 270454.406100   2000 270464.031900 1 273108.380600 272480.751800 273108.380600   3000 273114.203300 0
17   3.00 0 281643.391900 281180.875800 281643.391900   3000 281664.199500 1 285145.860100 284680.918100 285145.860100   3500 285164.260800 1
18   2.50 0 293567.683600 293231.055000 293567.683600   2500 293581.040900 1 296475.769200 296097.759100 296475.769200   2000 296481.189100 0
19   4.50 0 305567.631900 305047.879700 305567.631900   4000 305581.218500 1 309972.330900 309597.933900 309972.330900   4500 309981.271000 0
20   2.50 0 319400.013000 319048.066100 319400.013000   5000 319414.747700 1 324864.766600 324431.480100 324864.766600   7000 324881.490200 1
21   2.50 0 337446.337200 336448.343700 337446.337200   5500 337464.998100 1 343527.252700 342981.744000 343527.252700   4000 343531.770200 0
22   6.50 0 357455.816100 356098.596900 357455.816100   3000 357465.277200 1 360922.650400 360481.998800 360922.650400   2000 360931.988200 1
23   3.50 0 369229.205900 368498.782900 369229.205900   5000 369248.785900 1 374622.729900 374265.549100 374622.729900   6500 374632.200100 1
24   5.00 0 388553.559300 388215.767000 388553.559300   2000 388565.753000 1 391175.802000 390582.422400 391175.802000   4500 391182.459600 0
25   2.00 0 400080.691400 399749.242400 400080.691400   6000 400099.224200 1 406429.436300 406115.976500 406429.436300   6000 406449.333800 0
--------
10 :Total Won