
trial ITIJitter choice1 rts1 stim1ons_ms choice1ons_ms jitter2 jitter2_ms state rts2 stim2ons_ms choice2ons_ms jitter3 jitter3_ms won

1   7.50 0 25372.370500 24628.064900 25372.370500   4500 25395.096400 1 31886.325000 29911.476400 31886.325000   2500 31894.839400 1
2   6.00 0 43109.450200 42461.634600 43109.450200   3500 43128.333200 1 47068.293100 46645.048400 47068.293100   7000 47078.389300 1
3   5.50 0 62246.942700 61645.296900 62246.942700   2000 62261.966700 0 65162.384000 64278.643300 65162.384000   6500 65178.681400 1
4   6.00 0 79780.179800 79245.564700 79780.179800   2500 79795.528300 1 82821.340800 82312.230200 82821.340800   4500 82828.899500 1
5   3.50 0 93632.194600 92895.721400 93632.194600   2000 93645.788100 1 96169.273900 95662.426900 96169.273900   2000 96179.120600 1
6   5.50 0 106420.156800 105745.905500 106420.156800   7500 106429.288900 1 114512.773200 113946.035300 114512.773200   2500 114529.371900 0
7   6.00 1 125702.274700 125096.181400 125702.274700   4500 125712.853900 0 130666.244600 130229.593900 130666.244600   2500 130679.599000 0
8   4.00 1 139985.793200 139246.387600 139985.793200   6500 139996.429000 0 146946.096200 146513.155400 146946.096200   5000 146963.161500 0
9   4.50 0 159328.785700 158529.999300 159328.785700   3000 159346.670500 1 162850.117200 162363.387800 162850.117200   7000 162863.385800 0
10   2.50 1 178265.216200 174430.232700 178265.216200   6500 178280.265000 0 185244.096000 184797.042100 185244.096000   6000 185263.707200 0
11   3.00 1 199513.126500 196330.549200 199513.126500   3500 199530.586700 0 203574.956600 203047.294600 203574.956600   8000 203580.643000 0
12   2.50 1 218269.101400 216147.494400 218269.101400   2000 218280.858700 0 221474.065500 220297.579600 221474.065500   2000 221480.903000 0
13   2.00 0 228229.584600 227547.670700 228229.584600   2000 228247.670600 1 230906.559200 230264.378100 230906.559200   3500 230914.363300 1
14   4.00 0 240984.895300 240481.190900 240984.895300   3000 240997.845100 0 245064.808700 244014.561500 245064.808700   3000 245081.239200 0
15   4.00 0 255095.855700 254148.045400 255095.855700   3000 255114.714900 0 259153.597500 258131.413600 259153.597500   2500 259164.774400 0
16   3.00 1 267854.956900 266731.558900 267854.956900   4000 267864.906000 0 272793.498300 271881.615800 272793.498300   7500 272814.966600 0
17   6.00 1 289038.911200 288381.856000 289038.911200   2000 289048.570300 1 291619.470900 291065.253800 291619.470900   3000 291631.946400 0
18   4.50 0 302341.846000 301198.749100 302341.846000   4000 302348.735300 1 306773.886300 306365.433400 306773.886300   5000 306782.120200 0
19   3.00 1 317634.886800 316848.946900 317634.886800   2000 317648.955400 0 320328.032400 319665.648300 320328.032400   6500 320332.327200 0
20   2.00 0 334474.936200 330899.152000 334474.936200   2500 334482.534700 1 337550.965000 336999.229400 337550.965000   5500 337565.920300 0
21   4.00 0 349640.727100 349132.757200 349640.727100   2000 349649.394800 0 352578.814500 351666.111700 352578.814500   6000 352599.489600 0
22   3.00 1 364317.881500 363666.295400 364317.881500   6000 364332.944100 0 370972.472200 370349.698900 370972.472200   4500 370983.044100 1
23   2.00 1 379699.687000 379049.828400 379699.687000   3500 379716.582500 0 384036.670800 383233.277300 384036.670800   7000 384049.900200 1
24   6.50 1 399749.609300 399116.796700 399749.609300   2500 399766.784800 0 403220.356100 402283.516700 403220.356100   3500 403233.463100 1
25   3.00 1 411999.626200 411300.317100 411999.626200   2000 412016.965700 0 414663.752400 414033.841900 414663.752400   6500 414683.664500 0
--------
9 :Total Won