
trial ITIJitter choice1 rts1 stim1ons_ms choice1ons_ms jitter2 jitter2_ms state rts2 stim2ons_ms choice2ons_ms jitter3 jitter3_ms won

1   7.00 0 26534.344600 25850.277700 26534.344600   8000 26550.667400 1 35076.988900 34567.047300 35076.988900   2000 35083.758400 0
2   6.50 0 46334.953600 45650.564300 46334.953600   4000 46350.564400 0 51074.363900 50367.281700 51074.363900   2500 51083.960000 0
3   2.00 1 58085.484300 57650.737100 58085.484300   2500 58100.731800 0 60966.402600 60617.450100 60966.402600   3500 60984.117100 1
4   4.00 1 70674.344000 70050.916400 70674.344000   6000 70684.237700 0 77097.516100 76700.985200 77097.516100   3000 77117.679700 0
5   3.50 1 86324.330100 85684.462100 86324.330100   2500 86334.473600 0 89286.962100 88851.165100 89286.962100   2000 89301.176900 0
6   6.00 0 100048.252600 99367.984500 100048.252600   5000 100067.996400 0 105410.286200 105084.748600 105410.286200   4500 105418.045500 1
7   2.00 0 114720.288800 113484.883600 114720.288800   2500 114734.878100 1 118083.894200 117251.573700 118083.894200   6000 118101.609000 1
8   4.50 0 132056.323300 130668.439200 132056.323300   3500 132068.457200 0 136133.325600 135585.193100 136133.325600   5000 136151.862200 0
9   2.50 1 146150.850000 145718.676200 146150.850000   4000 146168.641100 0 150499.161500 150185.364600 150499.161500   5000 150518.716600 0
10   2.50 1 161729.282900 160085.549400 161729.282900   2000 161735.550700 0 164132.205200 163752.237300 164132.205200   7000 164152.243400 0
11   6.00 1 179808.119700 179219.196900 179808.119700   5000 179819.168800 0 185251.229800 184835.908100 185251.229800   2500 185269.230100 1
12   5.50 1 195579.762100 194836.067000 195579.762100   2500 195586.035100 1 198970.749000 198102.763000 198970.749000   3500 198986.093500 1
13   4.00 1 209091.798300 208552.915400 209091.798300   5500 209102.855200 0 214909.749300 214619.645100 214909.749300   2000 214919.654100 1
14   4.50 0 223383.627200 222986.446500 223383.627200   5000 223403.052100 1 228901.023800 228419.834500 228901.023800   2000 228919.854800 0
15   3.00 1 236481.084600 235986.620000 236481.084600   7500 236486.629500 0 244924.995200 244003.397300 244924.995200   2500 244936.741800 1
16   2.00 1 251501.598900 251003.508800 251501.598900   2000 251520.205900 0 254031.247600 253536.886100 254031.247600   2000 254036.918600 0
17   5.00 0 263675.031000 263103.686100 263675.031000   3000 263687.014500 1 267136.111200 266703.715700 267136.111200   4500 267153.733900 0
18   2.50 0 276654.673800 276220.524100 276654.673800   3000 276670.526700 1 280308.911700 279687.234500 280308.911700   2000 280320.578600 0
19   6.00 1 291127.618000 290387.421500 291127.618000   4500 291137.408800 0 296089.959900 295654.107100 296089.959900   3500 296104.138100 0
20   3.00 1 305266.134800 304670.926400 305266.134800   7000 305270.959300 0 312700.528700 312287.700700 312700.528700   2000 312721.071700 1
21   3.50 1 320571.019900 319787.843800 320571.019900   3000 320587.852500 0 324316.508200 323604.571700 324316.508200   3500 324321.196800 1
22   6.50 0 337693.970200 335888.015800 337693.970200   4000 337704.735000 1 342162.010200 341721.460200 342162.010200   2000 342171.464100 0
23   4.00 0 350784.488900 350238.264700 350784.488900   5500 350804.953600 1 357210.893500 356321.667200 357210.893500   2000 357221.682200 0
24   3.50 1 365195.482600 364788.455300 365195.482600   5500 365205.124800 1 371393.859800 370721.889300 371393.859800   3000 371405.217800 1
25   3.00 0 379893.412000 379505.338400 379893.412000   2500 379905.340600 1 382950.789900 382422.044300 382950.789900   3000 382972.060900 0
--------
10 :Total Won