
trial ITIJitter choice1 rts1 stim1ons_ms choice1ons_ms jitter2 jitter2_ms state rts2 stim2ons_ms choice2ons_ms jitter3 jitter3_ms won

1   5.50 1 19928.531300 19430.950300 19928.531300   2500 19948.094900 0 23523.552900 22464.354900 23523.552900   2000 23531.028500 1
2   3.50 1 31292.302800 30597.831500 31292.302800   2500 31297.804400 0 34183.859300 33814.500100 34183.859300   4500 34197.868600 0
3   4.00 1 46194.195200 44764.715500 46194.195200   2500 46214.701000 0 49196.914800 48731.437500 49196.914800   8000 49214.731400 1
4   7.50 0 66799.419800 66281.692200 66799.419800   2000 66814.977300 1 69928.472000 68831.668500 69928.472000   6000 69948.367500 0
5   2.00 0 80644.181700 80015.188800 80644.181700   2500 80665.166700 1 83967.222200 83181.891200 83967.222200   3500 83981.912900 0
6   7.00 1 97139.354700 96548.735800 97139.354700   6000 97148.744900 0 103647.380700 103165.554700 103647.380700   3500 103665.517900 0
7   2.50 0 112087.333300 111732.281000 112087.333300   3000 112098.981400 1 116038.029600 115115.673400 116038.029600   3500 116049.019100 0
8   3.00 1 125223.155700 124615.824500 125223.155700   5000 125232.503500 1 131184.065000 130249.230500 131184.065000   3000 131199.245400 0
9   5.50 1 142546.345000 141766.049000 142546.345000   4000 142566.097300 0 147357.785300 146582.816900 147357.785300   2000 147366.152700 1
10   2.50 1 153857.234500 153432.870100 153857.234500   4500 153866.228800 0 159118.981500 158382.954300 159118.981500   5500 159132.962100 1
11   4.00 1 170710.073400 170199.826900 170710.073400   2500 170716.461400 0 174093.942700 173233.176500 174093.942700   6000 174099.895200 0
12   2.00 1 184528.652800 184166.702200 184528.652800   7000 184533.338100 0 191963.171300 191550.107700 191963.171300   5500 191983.443400 1
13   2.50 0 201989.183500 201550.233500 201989.183500   4000 202000.251000 0 206448.165100 206017.004500 206448.165100   3000 206466.978300 1
14   5.00 1 216560.024300 216033.765900 216560.024300   3500 216567.121700 0 220759.962400 220083.850900 220759.962400   4000 220767.185500 1
15   2.00 0 228737.045300 228334.058200 228737.045300   4500 228750.655100 1 234718.068300 233267.371900 234718.068300   7500 234734.015700 1
16   5.00 1 249902.570900 249300.937600 249902.570900   2500 249917.598500 1 253260.554800 252434.308500 253260.554800   3000 253267.643600 1
17   2.50 1 261225.868900 260834.441800 261225.868900   2000 261234.467100 0 263741.480000 263251.134500 263741.480000   4500 263751.151000 0
18   3.00 1 273696.127100 273317.953100 273696.127100   3000 273734.612000 0 277281.515800 276751.316200 277281.515800   5500 277301.328600 0
19   2.50 0 288219.532100 287368.164800 288219.532100   2000 288234.822200 1 291115.922300 290251.505500 291115.922300   6000 291134.852200 1
20   4.50 1 304171.833500 303735.014300 304171.833500   2000 304185.075300 0 306920.769200 306201.771300 306920.769200   5000 306935.092800 0
21   2.50 0 317080.448200 316501.892700 317080.448200   5500 317085.229000 1 323565.918000 322601.995400 323565.918000   3000 323585.352600 0
22   3.50 0 332730.961100 332152.123000 332730.961100   2000 332735.487900 1 335472.862100 334752.143100 335472.862100   6000 335485.489900 1
23   4.50 0 348578.728200 348052.343300 348578.728200   4500 348585.692200 1 354674.833100 353102.437700 354674.833100   5000 354685.754900 1
24   4.00 0 366383.830200 365752.598800 366383.830200   3500 366402.617800 0 370446.429600 369919.331200 370446.429600   8000 370452.700100 0
25   6.50 0 387294.863600 387019.564600 387294.863600   2500 387302.909300 1 390675.760300 389819.611400 390675.760300   2500 390686.296800 1
--------
13 :Total Won