
trial ITIJitter choice1 rts1 stim1ons_ms choice1ons_ms jitter2 jitter2_ms state rts2 stim2ons_ms choice2ons_ms jitter3 jitter3_ms won

1   6.50 0 69137.997200 67817.537300 69137.997200   3500 69167.576700 1 73517.940300 72700.952500 73517.940300   5500 73534.729853 0
2   2.00 1 84200.774000 83101.081200 84200.774000   5500 84217.760900 0 90460.061600 89734.527900 90460.061600   2500 90467.894800 1
3   2.50 0 115042.803300 97034.653500 115042.803300   5000 115051.839800 0 120697.966000 120068.275000 120697.966000   3500 120718.308500 1
4   6.50 1 133119.825400 132285.125300 133119.825400   3000 133135.159000 0 136800.475600 136151.840000 136800.475600   2000 136818.522800 0
5   2.50 0 144845.753200 143385.314900 144845.753200   5000 144851.961500 1 150792.844600 149868.659700 150792.844600   2000 150802.056600 0
6   2.00 0 158416.898500 156868.819800 158416.898500   3500 158435.517400 1 163614.948300 161952.206000 163614.948300   5000 163618.897400 0
7   6.00 0 182263.864100 176685.766300 182263.864100   2000 182269.195700 1 184928.680000 184285.860400 184928.680000   3000 184935.874300 0
8   4.00 1 195489.767900 194002.734900 195489.767900   4000 195502.717300 0 199910.837900 199519.443700 199910.837900   2000 199919.420800 1
9   5.50 1 210363.700600 208986.220300 210363.700600   5500 210369.582300 0 216461.328300 215886.341100 216461.328300   4000 216469.692500 1
10   4.00 1 226910.311600 226036.485400 226910.311600   4000 226919.807400 0 231430.722700 230936.547400 231430.722700   3000 231436.547000 1
11   4.50 1 241196.666800 240503.310000 241196.666800   4000 241203.336900 0 245608.561100 245220.068200 245608.561100   2000 245620.082400 1
12   3.00 1 252881.615200 252186.840600 252881.615200   3500 252886.842700 0 256772.526000 256403.565500 256772.526000   2500 256786.942100 1
13   7.50 1 269054.245800 268353.711200 269054.245800   6000 269070.416800 0 275547.776700 275087.169100 275547.776700   2000 275553.841100 1
14   3.00 1 282890.712300 282120.632300 282890.712300   5000 282903.941500 0 288323.712300 287920.695300 288323.712300   3500 288337.361200 1
15   5.00 1 299027.718300 298404.172100 299027.718300   4000 299037.576400 0 303379.150500 303054.226800 303379.150500   2000 303387.566700 1
16   7.00 1 316529.509600 313987.730800 316529.509600   4000 316537.743100 0 321024.076300 320554.485800 321024.076300   5500 321037.857400 1
17   7.50 1 336559.399900 335604.746600 336559.399900   2000 336571.407000 0 339222.099900 338588.096900 339222.099900   6500 339238.113600 0
18   7.00 0 355488.437100 354805.016200 355488.437100   2500 355504.993100 1 358577.418100 358021.897100 358577.418100   4000 358588.358800 1
19   2.50 0 367852.455700 367155.154400 367852.455700   5000 367871.842800 1 373355.505200 372888.565500 373355.505200   3500 373371.904800 1
20   5.50 0 385301.528900 384438.759700 385301.528900   5500 385322.079800 1 391339.473300 390838.853600 391339.473300   5500 391355.509300 1
21   3.00 0 402965.467900 401922.371000 402965.467900   2000 402972.347600 1 405618.931900 404989.022500 405618.931900   2500 405639.008600 1
22   7.50 0 418425.954300 417705.886700 418425.954300   4000 418439.230900 1 422852.226900 422455.965100 422852.226900   6000 422872.629500 0
23   5.00 1 436844.151200 435939.529300 436844.151200   4000 436856.197700 0 441340.227000 440872.888200 441340.227000   2500 441356.244700 0
24   2.00 1 449632.343300 447922.948000 449632.343300   2000 449639.665600 0 452578.361300 451656.361900 452578.361300   3000 452589.727400 1
25   2.50 0 460267.920900 459656.498100 460267.920900   6500 460273.107700 1 467433.117100 466789.918100 467433.117100   2500 467439.925700 1
--------
17 :Total Won