
trial ITIJitter choice1 rts1 stim1ons_ms choice1ons_ms jitter2 jitter2_ms state rts2 stim2ons_ms choice2ons_ms jitter3 jitter3_ms won

1   4.00 1 24112.583900 23373.627000 24112.583900   2000 24140.568500 0 26734.955300 26156.995700 26734.955300   2500 26740.326600 0
2   6.00 1 37754.783300 37307.193500 37754.783300   7000 37773.855700 0 45992.476200 44790.594400 45992.476200   4500 46007.291600 1
3   6.00 0 58451.871600 58074.137700 58451.871600   4000 58457.469400 1 63433.783000 62474.196800 63433.783000   3000 63440.876900 0
4   5.50 0 74548.497800 74007.704200 74548.497800   3500 74557.698800 1 78771.799900 78074.422800 78771.799900   4000 78791.100600 0
5   4.50 0 89724.531600 89357.965300 89724.531600   5500 89741.260700 0 95597.385100 95258.101600 95597.385100   2500 95607.995900 1
6   8.00 0 108044.907300 107674.840300 108044.907300   4000 108058.199500 1 112861.421800 112074.897000 112861.421800   5000 112874.924800 0
7   6.50 0 126788.761400 126441.817600 126788.761400   5000 126808.453400 0 132135.683700 131825.179600 132135.683700   2000 132141.844100 1
8   3.50 0 139461.781800 139208.678400 139461.781800   2500 139475.297400 1 142869.370700 141991.998100 142869.370700   3500 142875.342400 0
9   2.50 0 151285.710000 150942.127200 151285.710000   2000 151292.095600 1 153915.744400 153308.825600 153915.744400   2500 153925.507300 0
10   6.00 0 165631.807700 164492.329500 165631.807700   7000 165642.363200 1 173280.340000 172659.115800 173280.340000   4000 173292.449500 0
11   6.50 1 187727.645900 185859.329300 187727.645900   3000 187742.648500 0 191118.756100 190759.361700 191118.756100   2000 191126.036500 0
12   2.50 1 198165.515600 197692.792600 198165.515600   4000 198176.129900 1 203030.265800 202192.881700 203030.265800   3500 203042.877800 0
13   3.50 0 212430.616400 212109.705700 212430.616400   2500 212443.008400 1 215828.684100 214959.713300 215828.684100   3500 215843.049200 0
14   6.00 0 228060.712500 227409.916100 228060.712500   4000 228076.575200 1 232789.506700 232093.293500 232789.506700   3000 232809.960200 1
15   2.50 0 240780.530900 240376.766900 240780.530900   5500 240793.412700 0 246904.787000 246310.156800 246904.787000   7000 246910.174700 0
16   2.50 0 258800.476900 258477.029000 258800.476900   4500 258810.344200 1 263708.186600 263327.066000 263708.186600   4000 263727.066600 0
17   4.50 0 274809.416700 274293.889400 274809.416700   2000 274827.221700 1 277314.529300 276843.926400 277314.529300   3500 277327.268800 1
18   2.50 0 285983.110200 285394.073800 285983.110200   3000 285994.077400 1 289467.453100 289010.745600 289467.453100   2000 289477.456900 1
19   3.00 0 297024.067200 296544.211200 297024.067200   4000 297044.216200 1 301542.541800 301060.930600 301542.541800   5000 301560.930600 1
20   3.50 0 313208.274400 312127.795500 313208.274400   5500 313227.785100 1 319052.445700 318744.512700 319052.445700   3000 319061.192500 1
21   2.50 0 327072.398000 326627.977200 327072.398000   5500 327077.980200 0 333758.074800 332594.755600 333758.074800   4000 333778.142400 0
22   4.50 0 344881.447000 344344.894100 344881.447000   6000 344894.892300 1 351634.443700 350911.675900 351634.443700   7000 351645.010700 0
23   2.00 0 363810.290300 362711.851800 363810.290300   7500 363828.574500 0 371837.411200 371345.288700 371837.411200   3000 371845.332900 0
24   2.50 0 379875.454100 379412.099000 379875.454100   6500 379895.400100 0 386939.319000 386412.296200 386939.319000   8000 386945.510300 1
25   6.50 0 403427.500500 403012.393300 403427.500500   2500 403445.736500 1 406603.866100 405962.438300 406603.866100   5500 406612.451000 0
--------
9 :Total Won