
trial ITIJitter choice1 rts1 stim1ons_ms choice1ons_ms jitter2 jitter2_ms state rts2 stim2ons_ms choice2ons_ms jitter3 jitter3_ms won

1   6.50 1 57589.947200 57016.757400 57589.947200   3500 57616.725500 0 61649.484600 61183.485200 61649.484600   5500 61667.285874 0
2   2.00 0 71544.373800 71233.611700 71544.373800   5500 71550.348400 0 77515.951800 77067.101800 77515.951800   2500 77533.716900 1
3   2.50 1 84420.885300 84100.519800 84420.885300   5000 84434.154400 1 89785.390700 89450.552600 89785.390700   3500 89800.571800 0
4   6.50 0 102243.323100 101867.410600 102243.323100   3000 102250.712800 1 105709.827200 105267.577400 105709.827200   2000 105717.431300 0
5   2.50 1 112376.268500 112284.180700 112376.268500   5000 112384.203200 1 117875.882400 117400.983700 117875.882400   2000 117884.288100 0
6   2.00 0 124270.332100 123951.053100 124270.332100   3500 124284.365800 0 128379.468400 127801.094400 128379.468400   5000 128384.469400 1
7   6.00 0 141405.877600 140951.256200 141405.877600   2000 141417.954000 0 143944.173300 143434.657700 143944.173300   3000 143951.315400 1
8   4.00 1 152790.765000 152518.069700 152790.765000   4000 152801.439300 1 157252.793700 156818.162900 157252.793700   2000 157268.143900 0
9   5.50 0 167121.817400 166834.966400 167121.817400   5500 167134.942700 0 173203.770800 172651.695700 173203.770800   4000 173218.395400 0
10   4.00 1 183561.059200 183285.199600 183561.059200   4000 183568.498500 1 187990.722000 187585.255400 187990.722000   3000 188001.867600 0
11   4.50 0 198176.240100 197568.717900 198176.240100   4000 198185.351100 1 202619.206300 202202.115000 202619.206300   2000 202635.421600 0
12   3.00 0 210182.106400 209702.227700 210182.106400   3500 210202.212000 1 214066.110800 213718.915600 214066.110800   2500 214085.578000 0
13   7.50 0 226749.078900 226152.463100 226749.078900   6000 226769.115300 0 233250.286300 232785.868900 233250.286300   2000 233269.219400 1
14   3.00 1 240291.213500 239835.988500 240291.213500   5000 240302.627900 1 245815.167500 245319.406100 245815.167500   3500 245819.391800 0
15   5.00 0 256695.165400 256386.208900 256695.165400   4000 256702.889200 0 261256.059500 260719.606700 261256.059500   2000 261269.550400 1
16   7.00 1 272173.039800 271836.435800 272173.039800   4000 272186.463400 1 276581.540100 276203.178900 276581.540100   5500 276586.466200 0
17   7.50 0 292200.590700 291653.323300 292200.590700   2000 292220.063200 0 294688.889200 294236.728900 294688.889200   6500 294703.368800 1
18   7.00 1 316024.849900 309770.291300 316024.849900   2500 316037.028500 1 319278.218100 318553.728800 319278.218100   4000 319287.039100 1
19   2.50 1 328476.965200 327853.845200 328476.965200   5000 328487.169200 1 334176.914700 333503.945900 334176.914700   3500 334187.304200 0
20   5.50 0 345787.953900 345254.119700 345787.953900   5500 345804.121200 0 351817.974500 351320.848600 351817.974500   5500 351837.492700 0
21   3.00 1 362928.950500 362404.317000 362928.950500   2000 362937.680800 1 365569.762600 364954.384700 365569.762600   2500 365587.710700 1
22   7.50 1 377979.811400 377654.573800 377979.811400   4000 377987.903100 0 382457.930300 382004.623000 382457.930300   6000 382471.275400 0
23   5.00 0 396337.789600 395538.157900 396337.789600   4000 396354.839900 0 400650.904600 400371.535600 400650.904600   2500 400654.902800 0
24   2.00 1 407699.806500 407221.630900 407699.806500   2000 407704.952300 0 410284.358500 409721.686700 410284.358500   3000 410304.959300 0
25   2.50 1 418297.706900 417871.788500 418297.706900   6500 418305.124000 1 425209.343100 424821.891500 425209.343100   2500 425221.841600 1
--------
9 :Total Won