
trial ITIJitter choice1 rts1 stim1ons_ms choice1ons_ms jitter2 jitter2_ms state rts2 stim2ons_ms choice2ons_ms jitter3 jitter3_ms won

1   2.50 1 18977.341900 18638.869700 18977.341900   2500 19005.655800 1 21887.352200 21522.127100 21887.352200   2000 21905.390500 0
2   5.50 1 31880.928500 31472.253700 31880.928500   3000 31888.920600 0 35253.342300 34905.633400 35253.342300   2000 35272.304400 0
3   4.50 0 44236.847400 43839.126600 44236.847400   6000 44255.739400 0 50628.271200 50272.518200 50628.271200   3000 50639.186500 0
4   3.00 1 59144.395300 58706.068700 59144.395300   5500 59155.995900 1 65067.349100 64672.709300 65067.349100   4500 65072.676800 0
5   6.50 1 78702.700600 78139.585800 78702.700600   4000 78722.908700 1 83190.818700 82739.629500 83190.818700   2000 83206.360600 0
6   2.50 1 90118.753800 89773.102800 90118.753800   4500 90123.013100 0 94996.332800 94639.834500 94996.332800   4000 95006.468900 1
7   2.00 1 103056.183000 102573.253600 103056.183000   2000 103073.237200 1 105701.235000 105089.963300 105701.235000   3000 105706.615800 0
8   3.00 1 114147.082700 113773.410800 114147.082700   7000 114156.739400 1 121573.181700 121173.559500 121573.181700   4500 121590.183300 0
9   2.50 1 130994.946400 130656.983200 130994.946400   2500 131007.007300 1 134442.288100 133523.710300 134442.288100   2500 134456.992000 0
10   2.50 1 142043.059800 141523.787400 142043.059800   5000 142057.083400 1 147701.086300 147073.931200 147701.086300   3500 147707.187000 0
11   4.50 1 158198.083900 157774.026700 158198.083900   2000 158207.591900 1 160870.190300 160224.056700 160870.190300   2500 160890.725100 0
12   7.50 1 173340.111600 172957.564000 173340.111600   6500 173357.570200 1 180458.127100 179874.330100 180458.127100   2000 180474.339100 1
13   3.00 1 188083.625500 187541.138100 188083.625500   6000 188091.114800 1 194781.176500 194107.853600 194781.176500   2000 194791.220400 0
14   2.50 1 201716.089500 201357.945600 201716.089500   3000 201724.621100 1 205100.897400 204741.366100 205100.897400   4000 205107.926400 1
15   4.50 1 216134.996500 215674.834100 216134.996500   2000 216141.458000 1 218687.012000 218158.196600 218687.012000   5000 218708.223700 0
16   7.00 1 233131.852600 232775.202200 233131.852600   3000 233141.714000 0 236606.550700 236158.480700 236606.550700   2500 236625.150100 1
17   6.50 1 247699.002100 247191.934300 247699.002100   2500 247708.555800 0 250867.001600 250225.300200 250867.001600   2500 250875.314000 0
18   4.00 1 260342.883500 259442.099600 260342.883500   4000 260358.738200 1 264932.804200 264375.562100 264932.804200   5500 264942.130600 1
19   2.00 1 274947.876300 274508.996300 274947.876300   2500 274958.970600 0 278026.778800 277475.686400 278026.778800   2000 278042.340500 0
20   4.00 1 286458.386700 286109.148000 286458.386700   6500 286475.795200 1 293514.447100 292992.567200 293514.447100   3500 293525.889900 1
21   4.00 1 303494.826600 303092.690300 303494.826600   2500 303509.344600 0 306412.888500 306026.075000 306412.888500   2500 306426.090800 0
22   3.00 1 314389.898200 313992.907700 314389.898200   3500 314409.539100 1 318475.805500 317926.223200 318475.805500   2500 318492.924800 1
23   6.50 0 330007.936000 329559.748500 330007.936000   7500 330026.410700 0 337899.807400 337543.229300 337899.807400   3500 337909.990300 1
24   6.50 0 349799.898200 349476.717700 349799.898200   3500 349810.009800 0 353781.886000 353326.859100 353781.886000   4000 353793.428600 1
25   3.50 0 363244.854900 362860.231500 363244.854900   5500 363260.233400 1 369169.786700 368777.010000 369169.786700   8000 369176.952300 0
--------
9 :Total Won