
trial ITIJitter choice1 rts1 stim1ons_ms choice1ons_ms jitter2 jitter2_ms state rts2 stim2ons_ms choice2ons_ms jitter3 jitter3_ms won

1   3.50 1 45278.684900 44945.749400 45278.684900   3000 45296.160500 1 48801.759000 48312.467200 48801.759000   3000 48812.417100 1
2   4.00 1 58173.840900 57879.269800 58173.840900   7000 58179.249300 1 65514.640200 65196.020400 65514.640200   5000 65529.366100 0
3   2.00 1 74960.593200 74596.155800 74960.593200   4000 74979.462000 1 79372.631100 78996.218100 79372.631100   2500 79379.598100 1
4   2.00 1 86256.626400 85946.317500 86256.626400   2000 86263.015400 1 88773.790500 88279.682300 88773.790500   4000 88779.718300 0
5   6.50 1 101642.728300 101346.567800 101642.728300   7000 101663.201100 1 109322.249600 108679.977800 109322.249600   2500 109329.970200 0
6   2.00 1 116214.634000 115896.739800 116214.634000   4500 116230.092600 1 121347.172600 120746.804900 121347.172600   5500 121363.474800 0
7   3.50 1 132734.583500 132430.305000 132734.583500   2500 132746.946900 0 136062.516300 135263.672300 136062.516300   2000 136080.326300 1
8   2.00 1 142025.140500 141647.106700 142025.140500   4000 142030.392200 1 146539.211700 146047.155900 146539.211700   2000 146547.173500 0
9   7.50 1 158436.546500 158114.037300 158436.546500   2500 158447.306600 1 161635.428700 160964.109200 161635.428700   3500 161647.314900 0
10   5.00 1 172486.627100 172214.194400 172486.627100   7000 172497.527800 0 179852.541800 179514.276100 179852.541800   6500 179864.298500 1
11   3.00 0 191440.409400 190931.140500 191440.409400   6000 191447.787300 0 197860.680400 197464.557300 197860.680400   2500 197881.170400 1
12   4.50 0 206756.520300 206448.003900 206756.520300   2500 206764.625100 0 209775.042900 209281.363000 209775.042900   5500 209781.327000 1
13   5.50 0 222618.484100 222348.222100 222618.484100   3500 222631.552000 1 226564.409400 226148.262400 226564.409400   5500 226581.617300 1
14   2.50 0 237052.459100 236648.419900 237052.459100   6000 237065.104000 0 243367.052000 243081.853400 243367.052000   3000 243381.859500 0
15   3.00 0 251781.596400 251448.625300 251781.596400   3500 251798.640800 0 255697.365900 255315.347900 255697.365900   3000 255715.356000 0
16   6.50 0 267610.498100 267282.172000 267610.498100   4500 267615.455800 1 272718.323900 272132.237200 272718.323900   2500 272732.233900 0
17   3.00 0 280724.949200 280299.031200 280724.949200   2000 280732.365800 0 283154.215200 282749.052300 283154.215200   2000 283165.775700 0
18   5.50 0 293063.368500 292732.546800 293063.368500   2000 293082.552400 0 295411.389100 295099.211100 295411.389100   3500 295415.963700 0
19   3.50 0 304765.285300 304482.684600 304765.285300   4000 304782.718900 0 309126.593600 308799.391700 309126.593600   2000 309132.758700 0
20   2.00 0 315590.339400 315199.538800 315590.339400   4000 315599.511900 0 320047.884300 319616.230800 320047.884300   6500 320066.298100 0
21   3.00 1 331941.215000 331633.080500 331941.215000   3500 331949.701300 1 335910.339800 335466.460900 335910.339800   2000 335916.431200 0
22   7.00 1 347290.821200 346983.295100 347290.821200   2500 347299.956200 1 350385.200900 349816.659300 350385.200900   3000 350400.053600 1
23   2.50 1 358264.785300 357966.782200 358264.785300   2500 358283.416200 1 361168.233300 360800.248500 361168.233300   3000 361183.907643 0
24   2.00 1 368551.803700 368250.204100 368551.803700   4000 368566.936500 1 372897.267300 372583.660000 372897.267300   8000 372917.013600 1
25   2.00 1 385344.213000 384983.814100 385344.213000   2500 385350.472900 1 388537.070100 387867.194500 388537.070100   2000 388550.538200 1
--------
10 :Total Won