
trial ITIJitter choice1 rts1 stim1ons_ms choice1ons_ms jitter2 jitter2_ms state rts2 stim2ons_ms choice2ons_ms jitter3 jitter3_ms won

1   7.00 1 20984.836900 20622.130000 20984.836900   4500 21005.778300 0 25869.842700 25522.200200 25869.842700   6000 25888.871200 0
2   5.50 1 39781.809200 39455.725000 39781.809200   5500 39789.081400 0 45721.308700 45305.796200 45721.308700   4500 45739.084400 1
3   5.00 1 57200.621700 56805.961900 57200.621700   4500 57205.932300 0 62640.570800 61722.756500 62640.570800   3000 62655.984800 0
4   2.50 1 70554.662800 70222.813300 70554.662800   3500 70572.841500 1 74582.245400 74089.533200 74582.245400   4000 74589.525900 1
5   4.00 1 85073.581300 84656.351300 85073.581300   5000 85089.681900 1 90576.657700 90106.421300 90576.657700   3000 90589.762800 0
6   8.00 1 103949.678500 103656.619900 103949.678500   2500 103956.595600 1 106882.678000 106473.331300 106882.678000   4000 106889.995600 1
7   2.50 1 115848.498500 115456.791700 115848.498500   2000 115856.782300 0 118322.481600 117873.470100 118322.481600   2000 118340.126400 1
8   2.50 1 124677.579600 124406.901100 124677.579600   2000 124690.200500 1 127257.435600 126706.931200 127257.435600   5500 127273.615800 1
9   4.00 1 139222.087200 138840.471800 139222.087200   3000 139240.442900 1 142798.043500 142257.163800 142798.043500   6500 142807.157700 1
10   4.50 1 156221.420300 155874.003200 156221.420300   2500 156240.657300 1 159172.578100 158757.383200 159172.578100   5000 159190.695100 1
11   3.50 1 170089.983000 169757.529900 170089.983000   8000 170107.501700 1 178519.622000 178124.348200 178519.622000   5500 178524.366100 1
12   3.50 1 189968.523900 189591.181800 189968.523900   2000 189974.492600 1 192408.509400 191991.203900 192408.509400   3500 192424.532300 0
13   3.00 1 201294.425200 200991.354500 201294.425200   5000 201307.973900 1 206713.464200 206324.718200 206713.464200   3000 206724.724700 0
14   2.00 1 214324.446900 213791.513000 214324.446900   7500 214341.442900 0 222300.398100 221858.269600 222300.398100   3000 222308.286400 1
15   6.00 1 233194.579500 232875.089500 233194.579500   7500 233208.414300 1 241183.956800 240725.205900 241183.956800   3500 241191.868000 0
16   3.00 1 250102.536900 249758.664200 250102.536900   3000 250108.625200 1 253787.479600 253125.393900 253787.479600   3500 253792.041600 0
17   3.50 1 263212.366400 262858.847900 263212.366400   7500 263225.532200 1 271079.174800 270742.282800 271079.174800   3500 271092.244300 0
18   2.50 0 280026.898400 279159.090000 280026.898400   7000 280042.409900 0 287348.413000 287059.195300 287348.413000   3500 287359.135300 1
19   3.50 0 296245.208600 295959.307800 296245.208600   2500 296259.322900 0 299364.839100 298776.031700 299364.839100   7500 299376.036300 0
20   2.00 0 311479.175000 310942.852000 311479.175000   4000 311492.849500 0 315861.134300 315509.696300 315861.134300   4500 315876.287800 1
21   3.00 0 325271.820200 324943.032600 325271.820200   3000 325293.030900 0 328845.749400 328309.828900 328845.749400   4500 328859.767300 0
22   8.00 0 344038.073300 343426.630000 344038.073300   2500 344043.284000 0 346959.083300 346560.000800 346959.083300   2500 346976.672200 1
23   2.00 0 353453.670200 353043.406300 353453.670200   2500 353460.065100 0 356486.737700 355976.805500 356486.737700   3000 356493.489500 1
24   2.00 0 363482.042000 363060.240400 363482.042000   2000 363493.602300 1 366302.666400 365510.314300 366302.666400   7500 366310.236900 1
25   3.00 0 379268.201200 378877.119100 379268.201200   5500 379277.083800 0 385368.112300 384793.873400 385368.112300   2000 385377.239500 1
--------
15 :Total Won