
trial ITIJitter choice1 rts1 stim1ons_ms choice1ons_ms jitter2 jitter2_ms state rts2 stim2ons_ms choice2ons_ms jitter3 jitter3_ms won

1   8.00 1 32795.017200 32340.791000 32795.017200   2500 32824.401300 1 35878.935200 35340.820500 35878.935200   2000 35890.800400 0
2   3.00 1 43244.556200 42957.579500 43244.556200   2000 43257.591400 1 46020.437900 45274.282200 46020.437900   8000 46040.960500 1
3   3.00 1 59525.113700 59107.813500 59525.113700   2500 59541.181000 0 62632.997000 62057.879300 62632.997000   4500 62641.154600 0
4   7.00 1 76546.059000 76208.059700 76546.059000   3500 76558.022700 0 80464.047700 80074.774700 80464.047700   3000 80474.782700 0
5   2.50 1 88373.490100 88041.574300 88373.490100   3500 88391.568200 1 92808.381900 91908.278200 92808.381900   2500 92824.921700 1
6   3.00 0 100835.378200 100391.752300 100835.378200   5500 100841.765300 0 106698.922200 106358.495400 106698.922200   3000 106708.459000 0
7   2.50 0 114633.749300 114275.233800 114633.749300   3500 114641.892100 1 118705.956500 118158.676500 118705.956500   5000 118725.322600 0
8   6.50 0 133160.803700 132292.179200 133160.803700   4000 133175.547800 0 137582.819000 137192.232400 137582.819000   8000 137592.224300 0
9   2.50 0 150623.775800 150159.089700 150623.775800   6000 150642.432400 1 157281.828100 156659.212200 157281.828100   6500 157292.526900 1
10   6.50 0 172681.624200 172359.425800 172681.624200   2500 172692.690800 1 175680.713100 175209.506500 175680.713100   2000 175692.741200 1
11   8.00 0 188168.716200 187759.617500 188168.716200   2500 188176.289100 0 191246.924100 190692.990500 191246.924100   2500 191259.697000 1
12   4.00 0 200093.623600 199326.431900 200093.623600   2500 200109.771600 0 202994.678500 202626.524700 202994.678500   2000 203009.832700 1
13   2.00 0 209455.680500 208576.563500 209455.680500   2500 209459.868500 0 212323.270600 211976.594800 212323.270600   3500 212343.242700 0
14   2.00 0 220468.275900 219910.067800 220468.275900   4500 220476.714300 0 225425.754800 224993.476900 225425.754800   3500 225443.579500 1
15   4.00 0 235171.623200 234510.272100 235171.623200   5000 235176.921600 0 240569.569700 240193.678700 240569.569700   2000 240577.015500 1
16   6.00 0 250606.760000 250143.845900 250606.760000   3000 250627.143900 0 254217.815900 253643.866000 254217.815900   4500 254227.220800 1
17   5.50 0 266217.540400 265794.027100 266217.540400   5000 266227.354000 0 271755.587100 271244.102000 271755.587100   4500 271760.787600 1
18   2.50 0 281504.495400 280360.931000 281504.495400   2000 281510.825500 0 284077.539300 283527.594800 284077.539300   2500 284094.298000 1
19   6.50 0 295028.567900 294661.105900 295028.567900   8000 295044.412900 0 303370.597700 303061.254400 303370.597700   2500 303377.858700 1
20   3.50 0 311377.535600 310944.659800 311377.535600   3000 311394.627500 0 314932.581400 314411.380800 314932.581400   2500 314944.733400 1
21   2.50 0 322015.104000 321511.450600 322015.104000   3500 322028.164100 0 326009.757300 325544.849900 326009.757300   2500 326028.207300 1
22   2.00 0 332541.519400 332094.963100 332541.519400   3500 332561.658400 0 336523.548700 336078.341500 336523.548700   2500 336528.426100 1
23   4.00 0 345207.368500 344595.154300 345207.368500   2000 345211.820600 0 347704.975400 347228.494500 347704.975400   3000 347711.818100 1
24   2.50 0 356916.024600 354778.623500 356916.024600   2000 356928.668800 0 359316.509800 358945.339900 359316.509800   4000 359328.712000 1
25   3.50 0 368830.292900 368395.502300 368830.292900   4000 368845.458500 1 373459.452400 372862.201700 373459.452400   3500 373478.819000 0
--------
17 :Total Won