
trial ITIJitter choice1 rts1 stim1ons_ms choice1ons_ms jitter2 jitter2_ms state rts2 stim2ons_ms choice2ons_ms jitter3 jitter3_ms won

1   8.00 1 24240.008300 23741.072000 24240.008300   5000 24258.155700 1 29677.986400 29274.479200 29677.986400   2000 29691.119400 1
2   3.00 1 37430.924700 36757.972900 37430.924700   2000 37441.213200 1 39890.457800 39457.975300 39890.457800   7500 39907.978800 1
3   2.00 1 51971.448900 51474.838000 51971.448900   3000 51991.500700 1 55420.871800 55008.166900 55420.871800   6500 55441.515900 1
4   2.00 0 66423.350700 66008.322000 66423.350700   4000 66441.625200 0 70769.005300 70458.380700 70769.005300   2000 70775.049300 0
5   8.00 1 83267.738600 82841.918200 83267.738600   2000 83275.188800 0 85823.861400 85292.007000 85823.861400   4000 85841.954600 1
6   4.00 1 95740.842000 95408.728800 95740.842000   2500 95758.728100 0 98766.426100 98275.430400 98766.426100   5500 98775.429500 1
7   6.50 1 112646.964700 112342.341500 112646.964700   4000 112658.982100 1 117147.860000 116675.686800 117147.860000   2000 117159.032700 1
8   8.00 0 129575.241800 129225.860200 129575.241800   2000 129592.546200 0 132100.350100 131609.267400 132100.350100   3000 132109.236300 1
9   2.50 1 139820.218700 139176.041400 139820.218700   4000 139825.962700 1 144188.340800 143842.763400 144188.340800   4000 144209.426700 1
10   7.50 1 158111.187700 157776.232800 158111.187700   7000 158126.252300 1 165589.524800 165143.031200 165589.524800   3000 165609.723000 1
11   3.00 1 174071.534800 173676.481200 174071.534800   4500 174076.447300 1 178980.701300 178593.232700 178980.701300   2000 178993.250000 1
12   2.50 1 186047.657000 185610.034500 186047.657000   4500 186060.002900 0 190870.136300 190576.748500 190870.136300   5500 190876.697200 0
13   2.00 1 200784.611200 200443.525600 200784.611200   3000 200793.438600 1 204182.168800 203810.235500 204182.168800   2000 204193.615000 1
14   2.00 1 210544.775900 210260.353800 210544.775900   5000 210560.315000 1 215975.192600 215577.064000 215975.192600   5500 215993.759800 1
15   5.00 1 228898.633100 228560.580600 228898.633100   3500 228910.551400 1 232973.574600 232427.330400 232973.574600   3000 232994.222400 1
16   8.00 1 246360.667800 246060.870900 246360.667800   3000 246377.503100 0 249888.083800 249394.211700 249888.083800   2500 249894.191100 1
17   6.50 1 260728.643700 260461.029200 260728.643700   3000 260744.385200 0 264385.460700 263761.083400 264385.460700   4500 264394.423500 1
18   4.00 1 274851.695700 274461.234600 274851.695700   3000 274861.177800 1 278887.393700 277877.976000 278887.393700   6000 278894.618200 0
19   5.00 1 292329.583100 291961.527100 292329.583100   4500 292344.751900 1 297253.365900 296861.528700 297253.365900   3500 297261.534200 0
20   4.50 1 307623.505000 307328.323100 307623.505000   3000 307628.320700 1 310986.969200 310645.125000 310986.969200   3500 310995.026000 0
21   5.00 1 321835.386500 321561.879000 321835.386500   4000 321845.214200 0 326253.313100 325861.957400 326253.313100   2500 326261.897600 0
22   2.00 1 333221.029100 332828.679800 333221.029100   4000 333228.713100 1 337635.379000 337245.438300 337635.379000   4000 337645.420600 0
23   4.50 1 348640.240600 348212.304600 348640.240600   4500 348645.543700 1 353607.345100 353162.313200 353607.345100   4000 353612.335900 0
24   4.00 1 364034.436400 363679.115600 364034.436400   5500 364045.774500 1 369961.602300 369562.550900 369961.602300   4500 369979.204500 0
25   2.00 1 378961.324800 378546.014800 378961.324800   8000 378979.336900 1 387367.808100 386996.109100 387367.808100   2500 387379.462400 0
--------
15 :Total Won