
trial ITIJitter choice1 rts1 stim1ons_ms choice1ons_ms jitter2 jitter2_ms state rts2 stim2ons_ms choice2ons_ms jitter3 jitter3_ms won

1   6.00 1 20863.105800 20462.937900 20863.105800   4000 20879.958900 0 25246.950600 24896.384000 25246.950600   4000 25262.997300 0
2   2.50 1 34147.644700 33829.848400 34147.644700   6000 34163.124500 1 40511.066400 40179.909100 40511.066400   4500 40529.904900 1
3   3.50 1 51004.931800 50596.748800 51004.931800   5500 51013.384400 1 56875.070600 56530.111700 56875.070600   4500 56880.123300 1
4   2.50 1 66903.006200 65946.972900 66903.006200   2000 66913.589500 1 69335.905000 68930.362400 69335.905000   3000 69346.933700 1
5   2.00 1 76744.525600 76413.777900 76744.525600   2500 76763.772500 1 79629.580000 79280.485700 79629.580000   5500 79647.135600 0
6   2.50 1 90054.869400 89713.964000 90054.869400   4500 90063.925600 1 94902.899000 94580.671700 94902.899000   2000 94913.954500 1
7   5.50 1 104752.016800 104480.814400 104752.016800   3000 104764.157700 1 108172.860600 107780.831200 108172.860600   8000 108180.874000 1
8   5.00 1 123549.494000 123247.748900 123549.494000   2000 123564.392800 1 125978.123700 125581.137600 125978.123700   2000 125997.972800 1
9   3.50 1 134033.014400 133564.550000 134033.014400   7000 134047.891200 1 141387.859900 141064.759100 141387.859900   3500 141397.957400 1
10   2.50 1 149851.812200 149464.769500 149851.812200   2500 149864.793600 1 152785.424800 152381.505600 152785.424800   2000 152798.106800 1
11   2.50 1 159724.697800 159364.944400 159724.697800   2500 159731.522000 1 162620.880300 162248.311900 162620.880300   4500 162631.637400 1
12   2.50 1 172051.798100 171698.421300 172051.798100   4000 172065.113500 1 176490.791500 176081.843200 176490.791500   2500 176498.471900 1
13   3.00 1 184700.900400 184098.605200 184700.900400   3000 184715.230900 0 188379.812800 187731.999900 188379.812800   2000 188398.603600 1
14   6.00 0 198352.903600 197965.466200 198352.903600   7500 198365.471300 0 206187.716900 205882.230100 206187.716900   6000 206198.878700 1
15   3.50 0 217642.747600 217265.734100 217642.747600   3000 217649.137300 0 220973.808300 220665.775200 220973.808300   4500 220982.411700 0
16   3.00 0 231107.871400 230549.272300 231107.871400   6000 231115.941800 0 237429.760100 237132.688700 237429.760100   3500 237449.317200 0
17   2.50 1 245777.618100 245516.076000 245777.618100   6000 245782.770700 1 252066.839400 251799.529600 252066.839400   5000 252082.878000 0
18   2.00 1 261622.236600 261149.671200 261622.236600   4500 261632.989800 1 266475.542700 266149.786600 266475.542700   3000 266483.064600 0
19   6.50 0 278354.520500 278049.901800 278354.520500   2000 278366.522400 1 282349.800200 280383.371400 282349.800200   3000 282366.590900 0
20   3.50 0 291241.592300 290933.378300 291241.592300   2000 291250.069200 0 293575.267500 293266.795500 293575.267500   3500 293583.465400 0
21   2.50 0 302117.304400 301650.334400 302117.304400   4500 302133.542200 0 306915.577900 306650.322900 306915.577900   2500 306933.726200 1
22   6.00 0 317350.170400 317000.505200 317350.170400   5500 317367.102100 0 323163.566500 322883.838400 323163.566500   5000 323183.819000 1
23   3.50 0 333691.127200 333250.672000 333691.127200   2500 333700.707900 1 336873.541200 336217.374500 336873.541200   2000 336884.024900 0
24   2.00 0 343227.624100 342950.799000 343227.624100   4500 343234.137200 1 348341.430200 347750.860300 348341.430200   4000 348350.884700 1
25   2.50 1 357248.446000 356917.721500 357248.446000   2500 357267.687600 1 360109.608900 359784.368900 360109.608900   3500 360117.749700 0
--------
15 :Total Won