
trial ITIJitter choice1 rts1 stim1ons_ms choice1ons_ms jitter2 jitter2_ms state rts2 stim2ons_ms choice2ons_ms jitter3 jitter3_ms won

1   5.00 1 19684.972800 19326.980500 19684.972800   5000 19710.593800 1 25093.671600 24727.060600 25093.671600   3000 25110.412200 0
2   7.50 1 38103.304500 37677.362300 38103.304500   2000 38110.512200 0 40868.257900 40127.330600 40868.257900   2500 40877.296600 1
3   2.50 0 47796.984700 47444.040900 47796.984700   4500 47810.722500 1 53077.079200 52327.465200 53077.079200   4000 53094.117200 0
4   2.00 0 61524.163700 61160.907200 61524.163700   8000 61544.240700 0 69887.652400 69561.022000 69887.652400   8000 69894.349300 0
5   2.00 0 82670.575500 81961.197600 82670.575500   5000 82677.821900 0 88359.622200 87694.648000 88359.622200   4000 88377.939000 0
6   2.50 1 97254.992900 96944.731300 97254.992900   2000 97261.395000 0 100347.959100 99278.096900 100347.959100   5500 100361.411500 1
7   4.00 0 112202.084700 111428.265300 112202.084700   4000 112211.624000 0 116625.927500 116228.314500 116625.927500   5000 116645.012600 1
8   4.50 0 128187.525200 127711.825800 128187.525200   2500 128195.188800 0 131451.925100 130711.916800 131451.925100   3000 131461.884700 1
9   6.00 0 142708.940500 142028.737600 142708.940500   4500 142728.680800 0 147582.987300 147245.432700 147582.987300   3500 147595.509100 1
10   2.00 0 155251.047100 154662.282200 155251.047100   4500 155262.211100 0 160242.025500 159778.952000 160242.025500   2500 160262.285200 0
11   4.00 0 169152.038400 168829.083500 169152.038400   8000 169162.406900 0 177637.998500 177179.187700 177637.998500   4000 177645.816500 1
12   4.50 0 188101.375900 187712.680000 188101.375900   2000 188112.668000 0 190716.892400 190129.448400 190716.892400   3000 190729.337000 1
13   3.50 0 199773.803400 198796.165500 199773.803400   7000 199779.478300 0 207140.832300 206796.271000 207140.832300   2000 207146.267400 1
14   2.00 0 213443.415500 212713.006400 213443.415500   4500 213463.048400 0 218367.935800 217979.764700 218367.935800   2000 218379.760300 1
15   3.00 0 225410.767500 224946.545500 225410.767500   3000 225429.893800 0 228702.936800 228446.669200 228702.936800   4000 228713.215000 1
16   4.00 0 239115.830300 238313.424000 239115.830300   2000 239130.041600 0 242197.258200 241146.769400 242197.258200   6000 242213.433600 1
17   2.50 0 252797.323100 252280.265800 252797.323100   6500 252813.586600 0 259636.700600 259330.339500 259636.700600   5500 259646.954400 1
18   2.50 0 269541.738500 269213.816500 269541.738500   2000 269547.083000 0 272033.631300 271563.832200 272033.631300   2000 272047.176400 0
19   5.00 0 281506.941800 281113.976000 281506.941800   3500 281513.967000 0 285458.813000 285030.687500 285458.813000   3500 285463.981100 0
20   4.50 1 296010.208700 295530.845200 296010.208700   3500 296030.921600 1 299924.184700 299547.544200 299924.184700   4500 299930.829700 1
21   2.00 1 309042.729000 308497.699900 309042.729000   5000 309047.700800 1 314394.760500 314064.432200 314394.760500   3000 314414.456200 1
22   3.00 1 322836.195800 322481.253100 322836.195800   3000 322847.847000 1 326417.733900 325864.598500 326417.733900   4000 326431.280000 1
23   4.00 1 337036.202100 336498.137200 337036.202100   3500 337048.031800 1 344998.687000 340564.798000 344998.687000   5000 345014.860000 1
24   2.50 1 354923.630000 354581.690900 354923.630000   4500 354931.606600 1 359934.578200 359448.386300 359934.578200   2000 359948.369500 1
25   3.50 1 368362.515300 367515.192900 368362.515300   3000 368381.863700 1 371794.560100 371398.558500 371794.560100   3000 371815.177100 1
--------
18 :Total Won