
trial ITIJitter choice1 rts1 stim1ons_ms choice1ons_ms jitter2 jitter2_ms state rts2 stim2ons_ms choice2ons_ms jitter3 jitter3_ms won

1   2.00 1 26515.594000 26061.064300 26515.594000   7000 26528.099700 1 33922.901500 33544.539200 33922.901500   2500 33944.537900 1
2   3.50 1 42392.936800 42027.961600 42392.936800   2500 42411.262400 1 45321.341600 44928.028500 45321.341600   5000 45327.998600 1
3   2.00 1 54730.925800 54394.821700 54730.925800   3500 54744.808400 1 58732.363300 58261.515600 58732.363300   3500 58744.860800 1
4   4.50 0 69178.214700 68811.694600 69178.214700   6500 69195.034700 1 76596.245600 75711.762100 76596.245600   3500 76611.774200 0
5   4.00 0 86615.376100 86178.536700 86615.376100   3000 86628.577700 0 90354.150400 89645.306000 90354.150400   3500 90361.941000 0
6   5.00 1 101363.914100 100928.817900 101363.914100   2500 101378.780400 0 104605.481800 103895.545600 104605.481800   3000 104612.137200 0
7   4.50 1 114531.293400 114178.974300 114531.293400   3000 114545.580100 1 118431.191400 117562.344500 118431.191400   3500 118445.654700 1
8   2.50 0 126929.838300 126512.477800 126929.838300   3500 126945.810600 0 130786.239800 130462.533800 130786.239800   3000 130795.826200 0
9   3.00 0 139429.702500 138862.638700 139429.702500   5500 139445.940700 1 145516.170200 144962.725300 145516.170200   3500 145529.365400 1
10   3.00 1 154775.088300 154096.197700 154775.088300   6500 154779.532500 1 161748.211600 161296.335000 161748.211600   2000 161762.942500 1
11   6.00 1 172287.085200 171829.773100 172287.085200   3000 172296.482200 0 175729.141700 175313.144200 175729.141700   7000 175746.516300 1
12   4.00 1 188828.119000 188313.362200 188828.119000   6000 188846.650400 1 195262.691400 194863.427900 195262.691400   5000 195280.107000 1
13   5.50 1 208204.224200 207846.949900 208204.224200   2000 208213.604900 0 210722.604800 210230.329900 210722.604800   2500 210730.276900 0
14   2.00 1 217611.162700 217297.103200 217611.162700   4500 217630.443900 1 222694.228500 222147.131500 222694.228500   3000 222713.799400 0
15   6.00 1 234133.165600 233780.676900 234133.165600   4000 234147.243600 1 238589.547200 238164.047600 238589.547200   5000 238597.362700 1
16   7.00 1 253061.968400 252664.201400 253061.968400   5500 253080.882200 1 259077.615200 258597.649500 259077.615200   2500 259097.653000 1
17   3.50 1 267766.003500 267197.918400 267766.003500   6500 267781.071400 1 274689.974700 274297.895800 274689.974700   7000 274697.828500 1
18   2.50 1 286638.104400 286264.711400 286638.104400   2500 286648.021900 1 290223.520800 289164.767800 290223.520800   3000 290231.411400 1
19   3.50 1 299384.916700 298798.225400 299384.916700   2000 299398.265600 1 301962.852100 301414.926100 301962.852100   2000 301981.619200 0
20   7.00 1 313404.504400 313048.434000 313404.504400   4000 313415.072300 1 317906.047900 317431.770800 317906.047900   2500 317915.139000 0
21   6.50 1 329375.453100 328981.993900 329375.453100   4000 329381.929300 1 333758.000400 333398.681000 333758.000400   7500 333765.366600 0
22   3.50 1 347152.944700 346832.223000 347152.944700   3000 347165.599700 1 350922.782400 350182.305500 350922.782400   4000 350932.250800 0
23   2.50 1 359933.385400 359499.051200 359933.385400   3500 359949.060400 0 364146.857200 363465.779600 364146.857200   2500 364165.741300 1
24   5.00 1 373593.744600 373232.566600 373593.744600   3500 373599.261900 0 377637.630900 377115.971300 377637.630900   6000 377649.291900 1
25   4.00 1 389530.662000 389216.213800 389530.662000   5500 389549.481100 1 395449.705500 395066.218400 395449.705500   3000 395466.160400 0
--------
14 :Total Won