
trial ITIJitter choice1 rts1 stim1ons_ms choice1ons_ms jitter2 jitter2_ms state rts2 stim2ons_ms choice2ons_ms jitter3 jitter3_ms won

1   6.50 1 25290.238000 24799.379200 25290.238000   2500 25316.362400 1 28238.243300 27832.744800 28238.243300   2000 28249.462300 0
2   3.50 1 36113.221900 35816.265500 36113.221900   6500 36133.341807 1 43072.575300 42649.636300 43072.575300   2500 43082.991300 0
3   2.00 1 50002.163800 49649.709400 50002.163800   8000 50016.363500 1 58340.165500 58033.182600 58340.165500   4000 58349.846400 0
4   8.00 1 72730.711600 72416.771400 72730.711600   3000 72750.040400 1 76157.219800 75766.779500 76157.219800   3500 76166.764600 0
5   4.00 1 86229.249000 85733.614700 86229.249000   3000 86250.239200 1 89616.023400 89267.019000 89616.023400   6500 89633.574200 1
6   5.00 1 103580.100700 103200.462000 103580.100700   2500 103583.871000 1 106721.027400 106100.520500 106721.027400   5500 106733.832900 0
7   4.00 1 118665.611100 118300.687500 118665.611100   3000 118683.982000 1 122150.237000 121700.718200 122150.237000   4500 122167.422000 0
8   8.00 1 137047.959900 136734.272600 137047.959900   4500 137067.570400 1 141958.662200 141584.344800 141958.662200   4500 141967.699500 0
9   3.00 1 152243.966300 151534.442000 152243.966300   2000 152251.157800 1 155009.018600 154267.810500 155009.018600   2500 155017.856100 0
10   4.50 1 164685.946800 164084.664500 164685.946800   2000 164701.320100 0 167374.495700 166718.038500 167374.495700   2000 167384.706900 0
11   2.50 1 174299.017300 173951.411700 174299.017300   5500 174318.126900 1 180279.958200 179834.897600 180279.958200   3500 180284.851600 0
12   4.00 1 190603.907200 189851.781000 190603.907200   2000 190618.326800 0 193205.848300 192635.043400 193205.848300   2500 193218.435400 1
13   4.00 1 201689.013500 201285.164600 201689.013500   4500 201701.843100 1 206690.902100 206218.621400 206690.902100   3500 206701.873300 0
14   2.00 1 214690.989200 214268.694500 214690.989200   4500 214702.045900 1 219631.751300 219218.761000 219631.751300   3000 219652.056100 0
15   4.50 0 229497.815200 229218.941300 229497.815200   2500 229502.223000 0 232404.730700 232018.938000 232404.730700   5000 232418.930000 0
16   7.00 0 246842.414600 246485.858800 246842.414600   3500 246852.467500 0 250821.807200 250369.177600 250821.807200   3500 250835.824300 0
17   2.50 0 259297.765900 258902.684800 259297.765900   3500 259302.641300 0 263214.771000 262819.356400 263214.771000   4000 263219.325800 1
18   4.00 0 273172.793100 272786.159500 273172.793100   7500 273186.169000 0 281004.893600 280702.942600 281004.893600   2000 281019.569600 0
19   4.50 1 290574.715500 289586.431900 290574.715500   5000 290586.416100 1 296110.501200 295603.212200 296110.501200   2500 296119.805500 1
20   2.00 1 303077.255900 302686.589300 303077.255900   5500 303086.623200 1 309022.694100 308603.361300 309022.694100   2500 309036.673200 1
21   2.50 1 316463.277200 316103.462300 316463.277200   3500 316470.050000 1 320475.240200 319986.822800 320475.240200   3500 320486.827000 1
22   5.00 1 331474.273100 331053.658300 331474.273100   2000 331486.946800 1 334583.780000 333503.690100 334583.780000   3500 334603.701500 0
23   3.50 1 344611.641600 343670.477700 344611.641600   4500 344620.484400 1 349693.753700 349137.230100 349693.753700   7000 349703.864400 1
24   4.00 1 363245.604700 362770.761000 363245.604700   3500 363254.078300 1 367297.176000 366770.803600 367297.176000   4000 367304.150200 0
25   2.00 1 375744.554300 375370.978400 375744.554300   3000 375754.298900 1 379251.099000 378770.939900 379251.099000   3000 379270.982400 1
--------
8 :Total Won