
trial ITIJitter choice1 rts1 stim1ons_ms choice1ons_ms jitter2 jitter2_ms state rts2 stim2ons_ms choice2ons_ms jitter3 jitter3_ms won

1   2.50 1 20531.644600 19854.216600 20531.644600   7500 20554.509500 1 28353.636500 28070.983400 28353.636500   3000 28370.996600 1
2   4.50 1 38256.642000 37937.757900 38256.642000   6500 38271.120300 1 45156.631200 44787.915800 45156.631200   4500 45171.215900 0
3   2.00 0 54109.627300 53738.006500 54109.627300   3500 54121.359300 0 57908.302300 57638.143100 57908.302300   2500 57921.426200 1
4   5.50 0 67739.173400 67488.346100 67739.173400   5000 67754.874500 1 73391.205300 72771.618400 73391.205300   6500 73404.946800 1
5   2.00 1 84392.764100 83971.756300 84392.764100   4000 84405.096700 0 89354.554900 88421.889800 89354.554900   8000 89371.790000 1
6   2.50 0 101727.208400 101438.705500 101727.208400   6000 101738.664500 0 108060.675600 107755.406700 108060.675600   2000 108072.066700 0
7   3.00 1 115475.541500 115138.863400 115475.541500   3000 115488.856400 1 119011.652300 118505.588500 119011.652300   2000 119022.235500 0
8   7.50 0 130872.165800 130589.108500 130872.165800   3500 130889.036600 0 134791.489100 134405.804100 134791.489100   2500 134805.753000 1
9   6.00 0 145266.609300 144872.577300 145266.609300   2500 145272.600000 0 148134.169800 147789.361800 148134.169800   2000 148139.317000 1
10   3.50 0 155481.513900 155206.095700 155481.513900   2500 155489.410000 0 158288.552900 158006.121600 158288.552900   5000 158306.157600 1
11   4.50 0 169719.598600 169372.949400 169719.598600   7500 169739.641300 0 177715.528100 177256.400500 177715.528100   7000 177723.038900 1
12   3.50 0 190134.958200 189789.898100 190134.958200   3000 190156.532600 0 193521.594300 193173.284700 193521.594300   3500 193539.901100 0
13   4.50 0 204543.023600 203606.776400 204543.023600   2000 204556.728700 0 207021.606500 206573.483600 207021.606500   2000 207040.144500 0
14   2.50 0 214012.425900 213606.912700 214012.425900   8000 214023.532500 1 222715.257600 222040.370800 222715.257600   2500 222723.678300 1
15   4.50 1 232154.966800 231790.600600 232154.966800   3000 232173.828700 1 235570.908800 235190.547300 235570.908800   3500 235590.534100 1
16   7.00 1 248489.405500 248190.743600 248489.405500   7000 248507.425800 1 255887.306900 255524.164100 255887.306900   6000 255907.494200 1
17   5.50 1 269835.318300 269474.357800 269835.318300   3000 269841.029100 1 273276.175800 272857.764300 273276.175800   4500 273291.061900 0
18   5.50 1 285713.304100 285357.962400 285713.304100   4000 285724.571400 1 290111.867200 289741.308800 290111.867200   2000 290124.584800 1
19   3.00 1 297566.370000 297191.408100 297566.370000   4000 297574.680200 0 302163.847300 301591.449200 302163.847300   5000 302174.810100 0
20   5.50 1 315222.338700 314741.619800 315222.338700   2000 315241.649500 1 317606.853100 317258.348600 317606.853100   4000 317625.017400 1
21   7.00 1 331062.157900 330691.870800 331062.157900   6500 331075.199000 1 338006.168400 337591.999300 338006.168400   2000 338025.305900 1
22   3.50 1 345973.306500 345592.093600 345973.306500   5500 345992.057100 1 351907.015500 351508.830100 351907.015500   2500 351925.474600 0
23   7.50 1 364269.148200 363992.328000 364269.148200   2000 364275.660900 1 366836.165400 366292.367400 366836.165400   5000 366842.390700 1
24   3.00 1 377456.248200 376909.193500 377456.248200   5000 377475.865400 1 382801.022300 382492.600000 382801.022300   2000 382809.285400 1
25   2.50 1 389657.155400 389376.090000 389657.155400   6000 389676.040300 1 395986.171100 395692.751400 395986.171100   2000 395992.770900 1
--------
17 :Total Won