
trial ITIJitter choice1 rts1 stim1ons_ms choice1ons_ms jitter2 jitter2_ms state rts2 stim2ons_ms choice2ons_ms jitter3 jitter3_ms won

1   6.50 1 21222.250200 20871.395200 21222.250200   2000 21238.369100 1 23662.231600 23254.734800 23662.231600   3500 23671.367700 1
2   5.00 1 34553.727000 34238.251800 34553.727000   6000 34571.537700 1 41109.647600 40588.312900 41109.647600   2500 41121.616600 1
3   2.50 1 48871.137600 48188.442600 48871.137600   3000 48888.366600 1 52359.208800 51905.144000 52359.208800   5500 52371.811800 1
4   4.00 1 64789.713000 63938.631200 64789.713000   3500 64805.333000 1 68936.217200 68322.022400 68936.217200   3500 68955.421400 1
5   8.00 1 83625.137000 82522.230300 83625.137000   3000 83638.874000 1 87089.135700 86655.647900 87089.135700   7000 87105.603700 1
6   3.50 1 100019.081100 99672.470600 100019.081100   6000 100039.134200 1 106386.136100 106055.908400 106386.136100   3000 106405.910400 1
7   3.50 1 115468.498100 114972.662500 115468.498100   2500 115489.347800 0 119702.573000 118006.050200 119702.573000   4500 119722.713300 0
8   6.00 1 132823.480400 132289.579700 132823.480400   6000 132839.600900 1 139644.051000 138856.337300 139644.051000   5500 139656.371100 1
9   5.50 1 153189.641300 152723.242200 153189.641300   2500 153206.547500 1 158794.050300 155723.239500 158794.050300   2000 158806.614400 1
10   2.50 1 165747.654200 165373.412100 165747.654200   2000 165756.724400 1 168394.422100 167773.420700 168394.422100   4000 168406.716400 1
11   2.50 1 177295.389700 176973.532800 177295.389700   2500 177306.875800 0 180312.936400 179823.592800 180312.936400   2500 180323.552400 0
12   2.00 1 187220.536800 186890.347800 187220.536800   4000 187240.349300 1 191575.105700 191257.136300 191575.105700   3500 191590.419700 1
13   2.00 1 199549.443800 199190.533300 199549.443800   6500 199557.200300 1 206398.959200 206073.973800 206398.959200   5500 206407.309900 1
14   2.00 1 216394.389100 215974.129100 216394.389100   4500 216407.425900 1 221317.416100 220924.116600 221317.416100   5500 221324.154200 1
15   6.50 1 238112.306700 235391.017100 238112.306700   6000 238124.425700 1 244464.290800 244141.171100 244464.290800   4500 244474.450600 0
16   2.00 1 253797.918700 253041.371300 253797.918700   8000 253807.949100 1 262156.214100 261824.714900 262156.214100   3500 262174.728700 1
17   2.50 1 270644.429000 270241.505100 270644.429000   2500 270658.190000 1 273648.206900 273174.851600 273648.206900   3500 273658.174700 0
18   2.50 0 282053.259100 281724.995200 282053.259100   3000 282058.294200 0 285407.287300 285075.049700 285407.287300   3500 285425.029600 1
19   7.00 0 297882.098000 297491.888700 297882.098000   3500 297892.349414 0 301781.144500 301408.636800 301781.144500   3500 301791.936500 0
20   4.00 0 311746.311800 311358.776900 311746.311800   7000 311758.755300 1 319870.200100 318775.582000 319870.200100   4500 319875.560500 0
21   5.50 0 332342.371500 331942.385500 332342.371500   4000 332359.074300 0 336979.089300 336375.769700 336979.089300   2500 336992.452400 1
22   7.00 0 348391.672200 348059.273500 348391.672200   2000 348409.198300 0 350868.038900 350426.041400 350868.038900   3000 350875.918900 1
23   3.00 0 358842.269200 358442.732900 358842.269200   5000 358859.391800 0 364199.223400 363876.158800 364199.223400   5000 364209.497600 1
24   2.00 0 373203.652200 372776.283200 373203.652200   3000 373209.580800 0 376591.987900 376226.330000 376591.987900   7000 376609.653300 1
25   3.00 0 388526.608200 388176.490700 388526.608200   6000 388543.146000 0 394830.178900 394559.904000 394830.178900   3000 394843.253900 1
--------
19 :Total Won