
trial ITIJitter choice1 rts1 stim1ons_ms choice1ons_ms jitter2 jitter2_ms state rts2 stim2ons_ms choice2ons_ms jitter3 jitter3_ms won

1   6.50 1 63159.397300 61218.309100 63159.397300   3500 63184.999300 0 68934.310900 66701.665900 68934.310900   5500 68952.155190 1
2   2.00 1 79521.231400 78018.506300 79521.231400   5500 79535.207500 0 86038.163200 85051.937700 86038.163200   2500 86051.982900 1
3   2.50 0 93997.224800 92618.792100 93997.224800   5000 94035.535700 1 109951.743600 99052.117000 109951.743600   3500 109968.934500 1
4   6.50 1 123770.195400 122052.416700 123770.195400   3000 123785.810900 0 128531.121100 126802.485100 128531.121100   2000 128535.838600 0
5   2.50 0 136573.594600 135102.595600 136573.594600   5000 136585.952000 1 157120.005600 141602.687200 157120.005600   2000 157136.212300 0
6   2.00 1 164844.615800 163202.981400 164844.615800   3500 164852.992200 1 168960.908700 168369.693500 168960.908700   5000 168969.693900 0
7   6.00 1 184348.913100 182036.536700 184348.913100   2000 184369.882600 1 196247.874400 186386.594000 196247.874400   3000 196253.375800 1
8   4.00 1 207208.460500 205320.196200 207208.460500   4000 207220.199000 0 213137.075800 211236.922100 213137.075800   2000 213153.620000 0
9   5.50 0 223977.367100 222720.440800 223977.367100   5500 223987.107800 1 229952.969600 229503.946100 229952.969600   4000 229970.521500 1
10   4.00 1 240835.811500 240037.300700 240835.811500   4000 240853.993300 0 245561.733500 244870.704400 245561.733500   3000 245570.711000 1
11   4.50 1 256203.350200 254637.501700 256203.350200   4000 256220.841600 1 260836.634400 260237.597000 260836.634400   2000 260854.241000 0
12   3.00 1 269912.877200 267920.999200 269912.877200   3500 269921.020900 0 273983.742000 273437.749100 273983.742000   2500 273987.731700 1
13   7.50 0 286301.667500 285554.572300 286301.667500   6000 286321.269800 1 292779.597700 292337.988900 292779.597700   2000 292788.013800 0
14   3.00 1 300409.594700 299854.764000 300409.594700   5000 300421.441500 0 305952.613600 305438.154400 305952.613600   3500 305971.494300 0
15   5.00 0 317447.519500 316538.301200 317447.519500   4000 317454.975800 1 322000.647200 321471.702100 322000.647200   2000 322005.043100 0
16   7.00 1 334431.151700 333071.867200 334431.151700   4000 334438.480100 0 339212.599900 338455.339000 339212.599900   5500 339221.947200 0
17   7.50 0 357136.394700 354288.784800 357136.394700   2000 357155.508700 0 360157.440300 359172.185600 360157.440300   6500 360172.215900 1
18   7.00 0 377256.533600 375239.094400 377256.533600   2500 377272.454200 1 380732.336600 379789.130600 380732.336600   4000 380739.171500 1
19   2.50 0 390551.549500 389305.929400 390551.549500   5000 390555.929700 1 396008.182500 395572.651800 396008.182500   3500 396022.669600 0
20   5.50 1 407488.337100 407089.491800 407488.337100   5500 407506.164200 0 413630.847300 413022.909800 413630.847300   5500 413639.556500 0
21   3.00 1 425636.335900 424206.427400 425636.335900   2000 425656.394900 0 431804.413200 427673.089900 431804.413200   2500 431823.148600 0
22   7.50 0 444385.216000 443889.966600 444385.216000   4000 444389.974400 1 449037.796200 448406.719400 449037.796200   6000 449056.701600 1
23   5.00 0 463749.089500 462156.876300 463749.089500   4000 463756.894400 0 468456.129700 467773.639800 468456.129700   2500 468473.608300 0
24   2.00 1 475773.717600 475040.375800 475773.717600   2000 475790.349000 0 478523.184400 477807.092100 478523.184400   3000 478540.401500 0
25   2.50 0 486706.145800 486107.194200 486706.145800   6500 486723.860900 1 493737.153100 493240.623800 493737.153100   2500 493757.288900 0
--------
10 :Total Won