
trial ITIJitter choice1 rts1 stim1ons_ms choice1ons_ms jitter2 jitter2_ms state rts2 stim2ons_ms choice2ons_ms jitter3 jitter3_ms won

1   3.00 1 19718.522300 17968.874600 19718.522300   2000 19735.973200 0 22157.484600 21752.272300 22157.484600   5500 22168.902400 1
2   3.00 1 32893.369000 32235.759100 32893.369000   7500 32902.416500 0 41177.921000 40419.184800 41177.921000   4000 41185.826300 1
3   2.00 1 49745.008100 48752.667900 49745.008100   2500 49752.624600 1 53682.429600 52269.371400 53682.429600   5000 53702.685700 0
4   2.00 0 63478.481700 62769.488100 63478.481700   2500 63486.172000 1 67114.379200 66002.845600 67114.379200   2500 67119.532400 0
5   2.50 1 74548.301900 74186.275500 74548.301900   5000 74569.610400 0 80213.295800 79586.363100 80213.295800   3500 80219.692800 0
6   4.00 1 90940.476400 89786.503800 90940.476400   3000 90953.197900 0 94755.348900 93969.901100 94755.348900   4000 94769.896600 1
7   2.00 1 102821.216900 102336.656200 102821.216900   8000 102836.683000 0 111462.325200 110853.416300 111462.325200   6500 111470.112800 1
8   3.50 1 123730.794400 123036.943800 123730.794400   2500 123736.961200 0 126891.793200 126253.655500 126891.793200   4000 126903.633700 1
9   2.50 1 135522.294400 134970.436200 135522.294400   2000 135537.087300 0 137958.233400 137553.798200 137958.233400   2000 137970.462700 1
10   2.00 1 143892.211500 143537.195900 143892.211500   3000 143903.870700 0 147280.178900 146920.563000 147280.178900   5500 147287.247900 1
11   2.50 1 157233.602800 156854.072100 157233.602800   4000 157254.051300 0 161815.033000 161270.749300 161815.033000   3000 161820.798200 1
12   2.50 1 169265.676200 168887.531200 169265.676200   2000 169270.866800 0 171672.671200 171287.553300 171672.671200   3000 171687.597100 1
13   6.50 1 183077.138300 182754.396100 183077.138300   4500 183087.713700 0 188043.008700 187604.427500 188043.008700   2500 188054.414300 1
14   2.00 1 195759.948200 194154.514600 195759.948200   3500 195771.159300 0 199841.884900 199287.898100 199841.884900   6000 199854.601800 1
15   6.00 1 213799.545900 213421.449100 213799.545900   3000 213804.767900 0 217243.933400 216821.489400 217243.933400   4000 217254.875400 1
16   2.50 1 225864.525800 225321.616500 225864.525800   3500 225871.573500 0 229978.981800 229388.311800 229978.981800   2000 229988.310200 0
17   4.50 1 238955.068200 238555.122100 238955.068200   3500 238971.762700 0 242898.789500 242488.484500 242898.789500   2000 242905.170600 0
18   5.00 0 252259.910600 251971.979200 252259.910600   3000 252271.946600 1 255755.772800 255288.676700 255755.772800   2000 255771.985000 1
19   7.50 0 267586.386000 267338.798800 267586.386000   5000 267605.490900 1 272999.724300 272622.222800 272999.724300   4000 273005.528100 1
20   7.50 0 287137.761100 286572.407400 287137.761100   4000 287155.728400 1 291541.851600 291172.451500 291541.851600   5500 291555.803800 1
21   2.50 0 302192.787100 301622.592600 302192.787100   4000 302205.941800 1 306602.763100 306222.678400 306602.763100   3500 306622.683900 1
22   2.00 0 314685.782300 314189.430100 314685.782300   2500 314706.098500 1 317783.617400 317222.806500 317783.617400   6000 317789.634900 0
23   2.00 1 328257.690400 327856.286400 328257.690400   3000 328272.894900 0 331743.769700 331289.635800 331743.769700   6500 331756.332200 0
24   2.00 0 343065.112400 342323.133500 343065.112400   6500 343073.165100 1 350079.506200 349589.899700 350079.506200   4500 350089.890200 1
25   6.50 0 363820.534700 363156.739200 363820.534700   2500 363840.059000 1 367418.607000 366356.779300 367418.607000   2000 367423.475000 1
--------
18 :Total Won