
trial ITIJitter choice1 rts1 stim1ons_ms choice1ons_ms jitter2 jitter2_ms state rts2 stim2ons_ms choice2ons_ms jitter3 jitter3_ms won

1   2.00 0 20649.402100 19970.187600 20649.402100   5500 20670.436900 1 26636.694500 26186.954100 26636.694500   4000 26653.610300 1
2   6.00 0 39272.752500 38720.454000 39272.752500   7000 39287.131000 1 46696.739300 46303.861500 46696.739300   4500 46703.865500 0
3   5.00 0 58789.696500 58270.740300 58789.696500   6000 58804.031000 1 65349.829600 64820.767700 65349.829600   5000 65354.065900 0
4   2.50 1 75483.648400 74920.892300 75483.648400   5000 75487.571600 0 81100.582300 80504.307000 81100.582300   4000 81120.953900 1
5   8.00 1 95285.540600 94687.825300 95285.540600   2000 95304.488000 0 97791.485600 97321.187600 97791.485600   3000 97804.519200 1
6   2.00 1 105025.667100 104371.298100 105025.667100   3000 105037.955100 0 108578.568900 108054.791700 108578.568900   2000 108587.995200 1
7   7.00 1 120536.526500 119154.819700 120536.526500   3500 120554.862300 1 124760.667600 124071.530000 124760.667600   3500 124771.549200 0
8   2.50 1 134001.648900 132838.317300 134001.648900   2000 134021.659200 1 137145.492100 136038.352400 137145.492100   5500 137155.074200 1
9   3.50 1 148792.530200 148221.858400 148792.530200   4000 148805.146800 0 153369.544800 152821.904500 153369.544800   3000 153388.587900 0
10   3.00 1 162804.300000 161455.370800 162804.300000   2000 162822.039600 0 165388.286100 164838.741000 165388.286100   2500 165405.429800 1
11   3.00 1 172996.382800 172472.177300 172996.382800   7000 173005.653100 0 180567.328300 180022.292500 180567.328300   6000 180572.265100 1
12   4.00 1 192629.204700 192139.098400 192629.204700   2000 192639.109500 1 195747.381200 194655.784600 195747.381200   2000 195755.809300 1
13   6.00 1 206360.294300 205822.600600 206360.294300   6000 206372.614300 0 212705.241100 212389.433100 212705.241100   5500 212722.692300 0
14   5.00 1 225671.067300 225289.556400 225671.067300   4000 225689.532900 0 230331.790500 229706.227100 230331.790500   8000 230339.588700 0
15   3.50 0 244409.762100 243906.434200 244409.762100   6000 244423.106500 1 250879.107800 250439.856000 250879.107800   2000 250889.917000 1
16   4.00 0 259554.088900 258956.658700 259554.088900   6500 259573.314400 1 266462.668000 266090.030500 266462.668000   2500 266473.425200 1
17   2.50 0 274000.692500 273590.188100 274000.692500   5000 274006.822400 1 279404.257700 279023.513500 279404.257700   6500 279423.592500 1
18   2.50 0 290888.840200 290490.367400 290888.840200   5000 290907.067200 1 296431.186600 295923.752800 296431.186600   3500 296440.466400 1
19   4.50 0 306910.909500 306507.292800 306910.909500   6000 306923.887700 1 313341.124800 312940.664800 313341.124800   2500 313357.339700 1
20   2.50 0 320879.994900 320424.101400 320879.994900   2000 320890.785300 0 323963.070100 322907.460700 323963.070100   7000 323974.133000 0
21   4.00 0 338381.068500 337040.981600 338381.068500   3500 338390.983500 1 342386.856000 341907.689900 342386.856000   7000 342407.708600 1
22   5.00 0 357232.467000 356474.563200 357232.467000   2500 357241.290700 1 360272.947700 359757.938800 360272.947700   5500 360291.328700 1
23   4.00 0 372319.882000 371858.138600 372319.882000   4000 372324.780800 0 377285.345700 376341.488000 377285.345700   3500 377291.507600 1
24   6.50 0 389318.830500 388858.347300 389318.830500   2500 389325.001200 1 392498.927500 391841.697800 392498.927500   4500 392508.363600 1
25   2.50 0 402243.789000 401575.157600 402243.789000   7000 402258.488100 1 409696.741100 409275.465100 409696.741100   2500 409708.593800 1
--------
18 :Total Won