
trial ITIJitter choice1 rts1 stim1ons_ms choice1ons_ms jitter2 jitter2_ms state rts2 stim2ons_ms choice2ons_ms jitter3 jitter3_ms won

1   5.00 1 29424.503500 28872.658600 29424.503500   2000 29439.785100 1 33431.037200 31456.052500 33431.037200   2000 33439.417900 0
2   3.00 1 41225.043500 40506.230400 41225.043500   6000 41239.550600 0 47781.502300 47256.259700 47781.502300   2000 47789.602200 0
3   2.50 0 54858.434000 54356.359500 54858.434000   4500 54873.042500 1 60286.413100 59389.761400 60286.413100   7500 60306.457300 1
4   4.00 0 74502.303600 73873.278600 74502.303600   3500 74506.580800 1 78709.549200 78023.341700 78709.549200   4000 78723.370900 1
5   3.00 0 88441.902200 87790.082600 88441.902200   3000 88456.809900 1 92245.282900 91473.505100 92245.282900   3000 92256.858900 1
6   3.50 0 101568.378700 100823.634200 101568.378700   3500 101573.667300 1 105733.855500 105090.358200 105733.855500   7500 105740.351100 1
7   3.00 0 119192.254400 118307.221500 119192.254400   7000 119207.208500 1 128595.331700 126223.961300 128595.331700   2000 128607.348300 1
8   7.50 0 140664.186800 140174.122800 140664.186800   6000 140674.184900 0 147398.245200 146690.897000 147398.245200   2500 147407.587900 1
9   2.00 0 154531.365800 153474.323600 154531.365800   7000 154541.008000 1 162113.162800 161557.754100 162113.162800   6000 162124.453500 1
10   5.50 0 176198.116100 175691.315400 176198.116100   2000 176208.001800 1 180242.048800 178224.643600 180242.048800   4500 180258.068500 0
11   3.50 0 191331.178200 190324.807000 191331.178200   5500 191341.489900 1 197583.609200 196858.218300 197583.609200   2000 197591.571500 1
12   7.00 0 209040.596500 208658.378000 209040.596500   4000 209058.401600 0 213648.033400 213075.093200 213648.033400   3500 213658.433100 0
13   2.00 0 221816.130700 221225.237300 221816.130700   2000 221825.214800 1 227262.052700 223841.891000 227262.052700   6500 227275.291400 0
14   7.50 1 244284.439200 243342.192300 244284.439200   4000 244292.191300 0 248758.971600 248308.913300 248758.971600   2500 248775.591100 0
15   3.00 0 257001.516700 256342.342900 257001.516700   4500 257009.036000 0 262044.001100 261525.726700 262044.001100   2500 262059.080500 0
16   8.00 0 275310.428700 274625.897400 275310.428700   2000 275325.906200 1 278086.428400 277342.611800 278086.428400   6500 278092.622600 0
17   2.50 0 289834.719800 289159.461900 289834.719800   2000 289842.781400 1 292531.804300 291859.497900 292531.804300   6500 292542.830000 1
18   5.50 0 307110.812300 306609.663000 307110.812300   2500 307126.334800 0 310229.114700 309643.034200 310229.114700   2000 310243.035200 1
19   7.00 0 321334.786900 320843.176700 321334.786900   3000 321343.189200 1 325230.230400 324359.887600 325230.230400   3000 325243.249400 0
20   3.00 0 333778.733600 333310.015800 333778.733600   2500 333793.351700 1 336829.751200 336310.052100 336829.751200   2500 336843.390800 0
21   2.50 0 344652.734000 343910.188300 344652.734000   2000 344660.158200 1 347284.219500 346676.888100 347284.219500   2500 347293.475900 0
22   3.00 1 355246.511900 354860.284400 355246.511900   2500 355260.285500 0 358228.616300 357776.993900 358228.616300   2000 358243.690600 1
23   2.00 1 371049.601100 363810.437500 371049.601100   3000 371060.515400 1 374613.560800 374077.201800 374613.560800   3000 374627.212700 0
24   2.50 1 382754.644500 382193.974600 382754.644500   3000 382760.649800 0 386296.581100 385777.359300 386296.581100   7500 386310.743600 1
25   3.00 1 399044.426400 398377.526000 399044.426400   2500 399060.822100 1 402223.652000 401577.561600 402223.652000   2000 402244.242400 0
--------
12 :Total Won