
trial ITIJitter choice1 rts1 stim1ons_ms choice1ons_ms jitter2 jitter2_ms state rts2 stim2ons_ms choice2ons_ms jitter3 jitter3_ms won

1   2.00 1 33357.453600 32652.037900 33357.453600   2000 33385.637300 0 35822.502700 35402.069800 35822.502700   2000 35835.431500 1
2   5.50 1 45253.359000 44902.267600 45253.359000   3000 45268.883600 0 48803.358800 48285.528300 48803.358800   3000 48818.899000 0
3   7.50 1 61853.370800 61385.741900 61853.370800   3500 61869.076100 0 66256.938700 65385.785100 66256.938700   5500 66269.134300 0
4   4.00 0 78262.196400 77835.986100 78262.196400   4500 78269.314100 1 83456.195300 82786.025100 83456.195300   2500 83469.364900 0
5   3.50 1 92044.400000 91536.171900 92044.400000   4000 92052.807400 0 96574.334800 96069.517000 96574.334800   2000 96586.224600 1
6   2.00 1 102689.723200 102152.951300 102689.723200   4500 102702.945900 0 107704.764800 107219.668400 107704.764800   3000 107719.725300 1
7   3.50 1 116291.100400 115786.420800 116291.100400   3500 116303.136900 0 120298.733400 119819.845900 120298.733400   3500 120319.842500 1
8   8.00 1 133842.750700 133386.781300 133842.750700   3000 133853.348600 0 137440.051500 136870.086900 137440.051500   2000 137453.382100 1
9   6.00 1 147416.079800 147020.200300 147416.079800   2000 147436.849600 0 150063.983400 149453.580000 150063.983400   4500 150070.217300 0
10   6.50 0 163639.978500 163137.072700 163639.978500   6000 163653.743400 1 170326.118900 169670.487600 170326.118900   3000 170337.198400 0
11   3.00 0 178903.536400 178403.944600 178903.536400   2500 178920.616300 1 181949.014400 181437.321800 181949.014400   4000 181953.975200 0
12   2.00 1 190543.992600 190020.808900 190543.992600   7000 190554.091400 0 198139.579700 197570.852800 198139.579700   6500 198154.200800 1
13   3.50 1 210361.526100 209721.018700 210361.526100   2000 210371.027100 0 212861.077700 212387.711100 212861.077700   5500 212871.044800 1
14   7.50 1 228152.949400 227437.911800 228152.949400   3000 228171.287200 1 231965.449800 231187.992000 231965.449800   4500 231971.275900 1
15   3.00 1 242181.973300 241538.089600 242181.973300   7500 242188.099100 0 250481.404100 249704.873000 250481.404100   2000 250488.223700 1
16   4.50 1 259236.740100 258555.008600 259236.740100   4000 259255.025800 1 263933.754200 263271.714900 263933.754200   2500 263938.411800 0
17   3.00 1 271915.376400 271505.190600 271915.376400   7000 271921.818300 0 279270.731900 278938.535900 279270.731900   3500 279288.608200 1
18   3.00 1 288125.280000 287388.692400 288125.280000   2500 288138.691400 0 291076.688300 290655.435800 291076.688300   7000 291088.727000 0
19   2.00 1 302571.520700 302155.554700 302571.520700   2500 302588.893500 0 305727.256600 305105.596900 305727.256600   2000 305739.001100 0
20   2.00 0 312541.672300 311805.665200 312541.672300   3000 312555.710000 1 316094.601400 315572.428600 316094.601400   7000 316105.711200 1
21   2.00 0 327787.645900 327172.564600 327787.645900   3500 327805.923100 1 331752.467300 331322.608500 331752.467300   2500 331772.579000 1
22   2.00 0 338707.641000 338339.371800 338707.641000   2500 338722.719500 0 341717.592100 341239.394300 341717.592100   3500 341722.730800 0
23   2.00 0 350333.473000 349289.533200 350333.473000   3000 350339.513900 0 353954.639400 353356.224600 353954.639400   3000 353972.891500 0
24   4.00 0 363505.601500 363039.675100 363505.601500   2500 363523.032800 0 367155.605100 366039.722000 367155.605100   2000 367173.060700 1
25   3.00 0 374671.502300 373739.865000 374671.502300   7500 374689.870700 1 382836.507500 382206.593500 382836.507500   5000 382856.578800 1
--------
14 :Total Won