
trial ITIJitter choice1 rts1 stim1ons_ms choice1ons_ms jitter2 jitter2_ms state rts2 stim2ons_ms choice2ons_ms jitter3 jitter3_ms won

1   2.00 1 18211.959500 16920.769100 18211.959500   2500 18237.743600 0 21251.083400 20754.142900 21251.083400   2000 21270.780900 1
2   2.50 1 27786.941300 27337.579900 27786.941300   2500 27804.282900 0 30807.853000 30320.955800 30807.853000   6000 30820.950400 0
3   5.50 1 44985.779600 44387.788700 44985.779600   8000 45004.474400 0 53495.455200 53021.257200 53495.455200   3000 53504.581300 0
4   2.50 0 61561.822700 61071.346600 61561.822700   6500 61571.349500 1 68515.356900 68088.110500 68515.356900   2500 68521.474600 1
5   4.50 0 78234.918000 77588.228100 78234.918000   2000 78254.893100 1 81001.744000 80271.589100 81001.744000   2000 81021.595200 0
6   3.00 0 88533.898600 88088.500700 88533.898600   4000 88538.370700 1 93569.313500 92555.085000 93569.313500   2000 93588.443100 1
7   2.50 0 101526.687500 100155.192600 101526.687500   7500 101538.500900 1 109950.746400 109055.320400 109950.746400   5000 109955.270500 1
8   6.00 0 123612.676100 123022.175700 123612.676100   4500 123622.181400 0 128893.521400 128138.878800 128893.521400   3000 128905.566000 0
9   6.50 1 141078.220300 140472.388800 141078.220300   2000 141089.051300 1 143748.654100 143105.775100 143748.654100   7500 143755.770500 0
10   4.50 1 158418.095000 157822.608400 158418.095000   4500 158439.311000 0 163293.505900 162956.011000 163293.505900   4500 163306.025700 0
11   2.00 0 172397.640000 171872.805100 172397.640000   3000 172406.120900 1 175873.135800 175422.874200 175873.135800   3000 175889.529300 0
12   6.50 0 188048.512000 187456.333800 188048.512000   3500 188056.287100 1 192265.469900 191573.067000 192265.469900   2000 192273.097200 1
13   4.50 0 201731.051500 200839.857500 201731.051500   5000 201739.839100 1 207087.607600 206756.583700 207087.607600   2000 207106.566700 0
14   2.00 1 213558.600500 213173.332400 213558.600500   2000 213573.328700 0 216162.021200 215590.055400 216162.021200   2000 216173.371100 0
15   2.00 0 223348.444300 222240.111500 223348.444300   3000 223356.818900 0 227049.429900 226373.502500 227049.429900   3000 227056.788100 1
16   2.00 1 234092.421700 233623.624200 234092.421700   4000 234106.950500 0 238612.546000 238123.623900 238612.546000   3500 238623.651100 0
17   3.00 0 247800.368400 247190.440300 247800.368400   3500 247807.108800 1 252414.940200 251323.825100 252414.940200   2500 252423.844400 1
18   2.00 0 259739.336900 258990.592700 259739.336900   4500 259757.261300 1 264945.259900 264273.970700 264945.259900   3000 264957.332500 0
19   4.50 0 275022.240900 274524.159900 275022.240900   2500 275040.802000 1 278221.403100 277557.603700 278221.403100   5000 278240.838100 0
20   6.00 1 291743.456400 291307.752000 291743.456400   3500 291757.665900 0 295631.289900 295274.394600 295631.289900   3500 295641.077600 1
21   4.50 1 305743.225500 305207.873400 305743.225500   4000 305757.902800 0 310251.783000 309774.583900 310251.783000   2000 310257.939200 1
22   6.50 1 321374.667300 320324.721600 321374.667300   5500 321391.405800 0 327276.230400 326908.149000 327276.230400   5500 327291.481200 1
23   6.00 1 340779.148700 340391.664600 340779.148700   5000 340791.664200 0 346172.206400 345808.432700 346172.206400   2000 346191.727800 1
24   6.00 1 356152.989700 355758.568000 356152.989700   2000 356158.611900 0 358823.998400 358175.232600 358823.998400   5500 358841.896900 1
25   3.50 1 369913.587900 369408.718300 369913.587900   3000 369925.367200 1 373822.001500 372942.122600 373822.001500   2000 373842.082400 1
--------
13 :Total Won