
trial ITIJitter choice1 rts1 stim1ons_ms choice1ons_ms jitter2 jitter2_ms state rts2 stim2ons_ms choice2ons_ms jitter3 jitter3_ms won

1   7.50 0 27840.621000 27379.239600 27840.621000   4500 27862.972100 1 32976.032100 32379.298200 32976.032100   2500 32995.921700 0
2   6.00 1 43848.609700 43562.765000 43848.609700   3500 43862.801900 0 47764.064500 47379.484300 47764.064500   7000 47779.565200 0
3   5.50 1 62891.470100 62346.363500 62891.470100   2000 62896.350500 0 65531.087100 64913.053000 65531.087100   6500 65546.424900 0
4   6.00 0 80603.077800 80113.245800 80603.077800   2500 80613.267500 1 83982.514500 83129.971200 83982.514500   4500 83996.603800 1
5   3.50 0 94475.028700 94063.425600 94475.028700   2000 94480.100100 0 97286.763100 96496.861000 97286.763100   2000 97296.820200 0
6   5.50 0 107258.834300 106863.601300 107258.834300   7500 107263.542600 1 115137.411800 114780.372700 115137.411800   2500 115147.059500 0
7   6.00 0 126308.352900 125713.849700 126308.352900   4500 126313.848300 0 131262.695200 130830.612200 131262.695200   2500 131280.622500 0
8   4.00 1 140351.311000 139847.382200 140351.311000   6500 140364.047300 0 147435.775700 146880.777700 147435.775700   5000 147447.473300 0
9   4.50 1 159416.667100 159014.242500 159416.667100   3000 159430.953400 0 163013.780600 162447.666200 163013.780600   7000 163030.990100 0
10   2.50 0 175156.220800 174597.815300 175156.220800   6500 175164.481800 1 182154.770800 181681.253300 182154.770800   6000 182164.579100 1
11   3.00 0 193949.162200 193231.391100 193949.162200   3500 193964.742400 0 198080.600700 197481.452600 198080.600700   8000 198098.137200 0
12   2.50 0 211298.619600 210664.963100 211298.619600   2000 211314.954500 1 213975.734100 213331.655400 213975.734100   2000 213981.670300 0
13   2.00 1 220516.551500 220048.441300 220516.551500   2000 220531.777700 0 223091.533300 222548.470800 223091.533300   3500 223098.478700 1
14   4.00 1 232744.097500 232165.256200 232744.097500   3000 232748.575800 0 236241.484600 235765.291100 236241.484600   3000 236248.691600 1
15   4.00 1 248090.585700 244815.446900 248090.585700   3000 248098.780600 0 251712.386900 251115.519000 251712.386900   2500 251732.188800 0
16   3.00 0 260141.258700 259298.933100 260141.258700   4000 260148.937400 0 264657.981600 264165.671900 264657.981600   7500 264665.688400 1
17   6.00 0 280593.471600 279732.521200 280593.471600   2000 280599.222900 0 283097.353100 282615.859300 283097.353100   3000 283115.905800 1
18   4.50 0 292829.406800 292182.748600 292829.406800   4000 292849.334800 1 297622.289500 296866.082600 297622.289500   5000 297632.764200 1
19   3.00 0 308233.297100 307699.568900 308233.297100   2000 308249.550200 1 311190.857300 310266.275600 311190.857300   6500 311199.604100 0
20   2.00 1 322199.123000 321766.413900 322199.123000   2500 322216.390600 1 325547.190900 324733.116100 325547.190900   5500 325566.453100 0
21   4.00 0 338430.345100 337133.283600 338430.345100   2000 338449.963700 1 341083.321300 340466.645800 341083.321300   6000 341100.016300 0
22   3.00 1 353111.751100 352166.812000 353111.751100   6000 353116.850000 0 359718.097100 359133.565400 359718.097100   4500 359733.568200 1
23   2.00 1 368225.217300 367800.358000 368225.217300   3500 368233.688700 0 372222.187500 371750.391700 372222.187500   7000 372233.731900 1
24   6.50 1 387785.167000 387300.597700 387785.167000   2500 387800.602000 0 390935.654200 390317.328800 390935.654200   3500 390950.664400 1
25   3.00 1 399666.088700 399050.756600 399666.088700   2000 399684.091600 0 402166.883400 401700.759100 402166.883400   6500 402184.136000 1
--------
11 :Total Won