
trial ITIJitter choice1 rts1 stim1ons_ms choice1ons_ms jitter2 jitter2_ms state rts2 stim2ons_ms choice2ons_ms jitter3 jitter3_ms won

1   3.50 1 20406.826100 19956.019200 20406.826100   7000 20423.114600 0 27818.660000 27439.443100 27818.660000   3500 27839.416900 1
2   3.50 1 36935.735600 36406.241400 36935.735600   3000 36939.601100 1 40636.749900 39956.275100 40636.749900   5500 40656.280400 0
3   6.50 1 55022.541000 54723.180200 55022.541000   5500 55039.808500 1 61238.559300 60556.541400 61238.559300   5000 61256.572700 0
4   2.00 0 70820.662100 70323.311500 70820.662100   2500 70840.019000 0 73830.125000 73356.720000 73830.125000   2500 73840.058500 1
5   3.50 0 82021.131000 81406.861500 82021.131000   2000 82040.161700 0 84566.711200 84056.858800 84566.711200   2000 84573.553700 1
6   3.00 0 91711.438500 91140.280600 91711.438500   3000 91723.625200 0 95075.050600 94740.323500 95075.050600   4000 95090.345000 0
7   2.00 0 103715.420600 103157.155900 103715.420600   6000 103723.779600 1 110276.482900 109740.525300 110276.482900   2500 110290.526800 0
8   8.00 1 123579.520200 122857.373300 123579.520200   6500 123590.710500 0 130709.536400 130107.461700 130709.536400   2000 130724.133000 1
9   6.00 1 140881.382900 140290.950700 140881.382900   4000 140890.942300 0 145463.424200 144907.638800 145463.424200   4500 145474.342400 1
10   2.50 1 154520.401700 154041.102900 154520.401700   5500 154524.449400 0 160528.270300 160041.185200 160528.270300   3500 160541.202500 1
11   4.00 1 170191.161100 169607.976600 170191.161100   4500 170208.022300 0 175218.097500 174724.721700 175218.097500   3000 175224.684700 1
12   4.50 1 184892.172100 184291.500500 184892.172100   4500 184908.184400 0 189979.323900 189424.918700 189979.323900   2500 189991.591700 1
13   6.00 1 201350.712600 200058.364700 201350.712600   2500 201358.409600 0 204817.750200 203875.097700 204817.750200   2500 204825.136300 1
14   3.00 1 212610.167100 211891.923400 212610.167100   2500 212625.189800 1 216153.324600 215141.914300 216153.324600   2500 216158.594500 0
15   2.50 0 224122.697000 223225.360700 224122.697000   2500 224142.030900 1 227214.096700 226658.721300 227214.096700   3500 227225.410500 0
16   3.00 1 236210.112900 235792.183000 236210.112900   4000 236225.520100 1 240898.701500 240242.245600 240898.701500   3500 240908.921500 1
17   2.50 1 249480.575800 249009.055600 249480.575800   5000 249492.371300 1 255014.085900 254509.101700 255014.085900   2000 255025.783000 1
18   2.50 1 262112.983300 261592.564700 262112.983300   3500 262125.863000 0 266096.019500 265642.576500 266096.019500   2000 266109.252500 0
19   2.00 1 273154.986500 272175.982700 273154.986500   7500 273159.341100 1 281363.160800 280676.096300 281363.160800   3500 281376.112700 1
20   3.50 1 290881.555100 290442.926200 290881.555100   2000 290892.904200 0 293524.098100 292909.596700 293524.098100   3000 293542.922800 1
21   2.00 1 300737.828600 300109.722700 300737.828600   6500 300743.026800 0 308161.941200 307259.786200 308161.941200   3500 308176.479400 0
22   4.00 1 318220.393900 317743.307900 318220.393900   2000 318226.682500 0 320791.828800 320243.754978 320791.828800   2500 320809.958400 0
23   2.50 1 328364.825900 327876.745600 328364.825900   2000 328376.729900 0 331255.834200 330393.413500 331255.834200   2000 331260.111000 0
24   2.50 0 338373.011300 337826.885500 338373.011300   3000 338376.864000 1 342231.838300 341393.559000 342231.838300   2500 342243.565800 1
25   5.00 0 352235.745500 351810.391000 352235.745500   7000 352243.704900 1 359738.700200 359260.498800 359738.700200   2000 359743.828400 1
--------
15 :Total Won