
trial ITIJitter choice1 rts1 stim1ons_ms choice1ons_ms jitter2 jitter2_ms state rts2 stim2ons_ms choice2ons_ms jitter3 jitter3_ms won

1   3.50 1 20223.132600 19719.135500 20223.132600   4000 20236.225500 0 24874.633900 24252.526000 24874.633900   3000 24885.810000 0
2   3.50 0 33918.592300 33452.718500 33918.592300   5500 33936.025100 1 41649.632800 39452.715000 41649.632800   7000 41669.417300 1
3   3.50 0 54993.992900 54236.286500 54993.992900   3000 55036.217800 1 58706.000800 58052.954100 58706.000800   6000 58719.641500 1
4   5.50 0 73077.026600 72286.488300 73077.026600   3000 73086.499600 1 79687.840300 76103.222900 79687.840300   2000 79703.258600 1
5   3.50 0 87874.988800 87270.024300 87874.988800   2000 87886.698600 1 90458.822200 89903.381700 90458.822200   3500 90470.077900 1
6   3.00 0 99571.918000 99036.813300 99571.918000   6500 99586.835200 0 106698.855900 106103.607000 106698.855900   5500 106703.623500 0
7   6.50 1 121016.945700 120770.460600 121016.945700   2000 121037.151600 0 123627.677600 123053.928800 123627.677600   2500 123637.160900 0
8   8.00 0 136617.701800 136204.089300 136617.701800   4000 136637.356700 1 141322.333700 140654.038700 141322.333700   4500 141337.376800 1
9   6.00 0 154368.680100 153904.256800 154368.680100   3000 154387.554000 1 157925.615800 157404.269300 157925.615800   2500 157937.613600 0
10   6.50 0 169424.207600 169004.473300 169424.207600   4000 169437.769400 1 174524.572900 173454.479400 174524.572900   7500 174537.824700 1
11   2.50 0 187345.112100 186604.648400 187345.112100   6500 187354.657000 1 194406.582200 193871.419600 194406.582200   2500 194421.432000 1
12   2.00 0 202056.472000 200988.109600 202056.472000   3000 202071.535200 1 205737.511900 205088.216900 205737.511900   2000 205754.923100 1
13   3.50 0 213641.578400 213321.684100 213641.578400   6500 213655.023200 1 220540.588900 220171.762800 220540.588900   4500 220555.094600 1
14   3.00 0 230591.995200 230121.883900 230591.995200   2500 230605.204100 1 234671.588600 233121.983300 234671.588600   5500 234688.651200 1
15   5.50 0 248177.393800 247788.784400 248177.393800   2000 248188.782000 1 250847.321700 250205.479500 250847.321700   3000 250855.477300 1
16   5.00 0 261436.513600 260922.324100 261436.513600   4500 261455.670600 1 266465.454500 265972.387200 266465.454500   4000 266472.355000 1
17   2.00 0 275471.288000 274539.135600 275471.288000   4500 275489.155700 1 280491.398900 280005.882900 280491.398900   4000 280505.902600 0
18   2.00 0 289059.337000 288572.684400 289059.337000   4000 289072.621100 1 293750.370600 293089.377900 293750.370600   4500 293756.038600 1
19   2.00 0 302869.210700 302322.856100 302869.210700   4000 302889.503800 0 307603.240100 306906.241600 307603.240100   5500 307622.926900 1
20   2.00 0 317208.306600 316689.691200 317208.306600   4000 317223.036400 0 321966.821300 321239.751400 321966.821300   6000 321973.111100 1
21   2.50 0 332508.142200 332039.892700 332508.142200   6000 332523.234000 1 339016.169900 338539.978300 339016.169900   3500 339023.327600 0
22   5.50 0 350677.096800 350090.120600 350677.096800   2500 350690.125900 1 354430.241900 353206.837100 354430.241900   2000 354440.165700 0
23   2.50 0 364348.188200 361006.932200 364348.188200   6500 364356.959600 1 371342.101300 370873.726600 371342.101300   2000 371357.088300 0
24   4.50 1 380337.186700 379923.860700 380337.186700   5000 380357.207100 0 386032.101200 385373.918900 386032.101200   2000 386040.652100 1
25   4.00 1 393938.580700 393607.361100 393938.580700   5500 393957.365500 0 400059.938000 399474.104800 400059.938000   2000 400074.112900 0
--------
16 :Total Won