
trial ITIJitter choice1 rts1 stim1ons_ms choice1ons_ms jitter2 jitter2_ms state rts2 stim2ons_ms choice2ons_ms jitter3 jitter3_ms won

1   2.00 1 20425.409300 19181.736200 20425.409300   2500 20448.780400 0 23501.508900 22965.133200 23501.508900   3500 23515.127900 0
2   4.00 1 33575.997000 33081.946200 33575.997000   2000 33582.330038 0 36797.465100 35598.610600 36797.465100   3500 36815.304600 0
3   4.00 0 46910.768800 46382.077300 46910.768800   3500 46915.399400 1 50912.448100 50432.175500 50912.448100   3000 50932.132000 1
4   3.50 0 59984.829400 59498.956900 59984.829400   2500 59998.914700 0 63529.674400 62515.630400 63529.674400   5000 63548.971000 0
5   5.50 0 76632.354200 76115.790100 76632.354200   2500 76649.160200 1 81904.731500 79165.969600 81904.731500   2500 81915.876400 1
6   2.50 0 89420.319000 88982.645800 89420.319000   2000 89432.643500 1 92050.886900 91449.330500 92050.886900   2000 92065.994500 1
7   2.50 0 99100.307400 98632.796700 99100.307400   4000 99116.107600 1 103523.931900 103132.815000 103523.931900   3000 103532.828800 1
8   8.00 0 117087.205700 116599.662000 117087.205700   4500 117099.677600 1 122174.686600 121616.450300 122174.686600   2000 122183.090200 0
9   5.50 0 132217.637800 131749.858200 132217.637800   2000 132233.224300 0 134808.729100 134249.953200 134808.729100   2000 134816.578700 0
10   2.00 1 141356.212700 140883.324300 141356.212700   3000 141366.643100 0 145000.333600 144383.359500 145000.333600   3000 145016.685000 0
11   3.00 1 153639.139000 153083.513400 153639.139000   3000 153650.142100 0 157349.689100 156666.859100 157349.689100   3500 157366.861200 0
12   2.00 0 166001.412600 164933.624500 166001.412600   7500 166017.002300 1 173889.441100 173533.786400 173889.441100   4000 173900.431200 0
13   3.00 0 183439.405100 182967.197900 183439.405100   6500 183450.549100 0 190309.480900 189967.287900 190309.480900   2000 190317.293000 1
14   2.50 0 197046.001800 196384.063700 197046.001800   2500 197050.734500 1 200286.513500 199567.394500 200286.513500   2000 200300.782400 1
15   2.00 0 207492.589500 206367.510400 207492.589500   2500 207500.852700 1 211017.954000 210017.545600 211017.954000   7500 211034.245000 0
16   2.50 1 223670.467000 223101.067900 223670.467000   2000 223684.399700 0 226279.885400 225701.120100 226279.885400   2500 226301.100100 1
17   3.00 1 233780.914100 233367.905000 233780.914100   2500 233801.212400 0 236624.931300 236318.047600 236624.931300   2500 236634.639500 0
18   4.50 1 246173.199800 245701.356300 246173.199800   2500 246184.695600 0 249188.187800 248701.420100 249188.187800   8000 249201.419100 1
19   5.50 1 264690.243600 264268.230700 264690.243600   6500 264701.601800 0 271613.101800 271218.331700 271613.101800   2500 271618.383900 0
20   3.00 0 279622.300400 279185.083700 279622.300400   3000 279635.154300 1 283108.159600 282651.820600 283108.159600   6500 283118.532800 0
21   3.50 1 295598.085700 295185.332600 295598.085700   2500 295618.690300 0 298926.107000 298135.373100 298926.107000   3500 298935.395700 1
22   3.50 1 308001.098200 307502.178800 308001.098200   2000 308018.841500 0 310483.652600 310035.525900 310483.652600   4000 310502.198200 1
23   4.00 1 320569.058500 320102.320300 320569.058500   2500 320585.688600 0 323456.663300 323102.388500 323456.663300   4000 323469.043700 1
24   2.00 1 331418.139200 331035.862500 331418.139200   3000 331435.832100 1 335159.990900 334452.506000 335159.990900   3500 335169.205100 0
25   5.00 0 346119.580600 345736.016700 346119.580600   3500 346136.011900 1 350325.966600 349652.685300 350325.966600   3000 350336.069900 0
--------
11 :Total Won