
trial ITIJitter choice1 rts1 stim1ons_ms choice1ons_ms jitter2 jitter2_ms state rts2 stim2ons_ms choice2ons_ms jitter3 jitter3_ms won

1   2.00 0 23034.883600 21784.289500 23034.883600   2500 23051.376700 1 26108.523000 25567.670800 26108.523000   2000 26117.617700 1
2   5.00 0 36034.960700 35184.473300 36034.960700   3000 36051.150000 0 40315.950900 39067.847200 40315.950900   4000 40334.535100 0
3   5.50 1 52715.891400 51901.356800 52715.891400   3000 52734.690000 0 56331.883000 55751.403300 56331.883000   5500 56351.403700 0
4   5.50 1 69732.365100 69418.270400 69732.365100   7000 69751.576600 0 78228.337300 76768.336100 78228.337300   4500 78235.019600 0
5   5.50 1 90733.295700 90301.858400 90733.295700   6000 90751.880400 0 97371.843800 96768.621800 97371.843800   3500 97385.334100 0
6   4.00 0 107301.577100 106952.077500 107301.577100   3500 107318.770800 0 111394.717900 110835.909622 111394.717900   2500 111402.140000 1
7   3.00 0 119009.224600 118468.935700 119009.224600   3000 119018.894000 1 122470.791200 122035.600900 122470.791200   7500 122485.608800 1
8   2.50 0 135440.224100 134552.429700 135440.224100   3500 135452.449600 1 139435.116600 138969.154000 139435.116600   4000 139452.502300 1
9   5.50 0 151341.168400 151019.330900 151341.168400   5000 151352.647000 1 156811.542300 156369.375800 156811.542300   4500 156819.389600 1
10   3.50 0 167686.636100 166886.187000 167686.636100   2000 167702.865800 0 170221.085100 169719.655600 170221.085100   4500 170236.224800 0
11   5.50 0 182815.366700 182303.058300 182815.366700   3000 182819.670600 0 186407.462900 185836.459200 186407.462900   6000 186419.735200 1
12   3.00 0 197441.511000 196986.622600 197441.511000   3500 197453.269900 1 201677.926900 200969.964400 201677.926900   2000 201686.630900 1
13   7.50 0 214030.410700 213253.461000 214030.410700   2000 214036.811800 1 216749.966000 216053.502200 216749.966000   3000 216770.205000 1
14   3.50 0 225904.364200 225336.957200 225904.364200   5000 225920.303100 1 231462.413700 230937.035700 231462.413700   5000 231470.350000 1
15   7.00 0 246761.283000 245537.208900 246761.283000   3500 246770.565100 1 250967.270500 250287.250800 250967.270500   2500 250987.293700 1
16   3.00 0 259215.270900 258587.401200 259215.270900   8000 259220.731800 1 267805.267900 267237.499400 267805.267900   5500 267820.854600 0
17   7.00 0 282831.284700 282387.712700 282831.284700   4500 282837.711200 1 288018.179100 287354.433400 288018.179100   3500 288037.777700 0
18   7.00 1 300958.210900 300604.613400 300958.210900   5000 300971.276300 0 306381.233300 305988.006800 306381.233300   3000 306388.008700 1
19   4.50 1 316011.120400 315454.801700 316011.120400   2000 316021.492700 0 318529.997900 318038.170000 318529.997900   3500 318538.170400 1
20   4.00 1 328432.067000 327604.965200 328432.067000   5000 328438.317800 0 333858.666200 333455.034300 333858.666200   2500 333871.721300 1
21   2.00 1 340537.120800 339938.470900 340537.120800   5000 340555.144500 0 345914.055200 345571.867000 345914.055200   4500 345921.903100 1
22   3.00 1 355750.012700 354988.656900 355750.012700   3500 355755.417100 0 359718.126400 359272.040800 359718.126400   2000 359738.723800 1
23   2.00 1 366428.986900 365305.483400 366428.986900   2500 366438.826100 0 369451.953300 368955.511600 369451.953300   5000 369472.148400 0
24   5.00 0 381924.996300 381539.000400 381924.996300   2000 381939.001500 1 384501.878900 383955.717700 384501.878900   4000 384522.378700 0
25   4.50 1 395449.011200 395089.182000 395449.011200   2000 395455.899900 0 397833.944700 397472.567700 397833.944700   2000 397839.224600 1
--------
16 :Total Won