
trial ITIJitter choice1 rts1 stim1ons_ms choice1ons_ms jitter2 jitter2_ms state rts2 stim2ons_ms choice2ons_ms jitter3 jitter3_ms won

1   8.00 1 24397.795000 23745.126000 24397.795000   3000 24412.152700 1 28698.777800 27428.514700 28698.777800   3500 28711.858700 0
2   6.50 0 41240.780700 40778.688400 41240.780700   4500 41245.377800 1 46497.255400 45762.098500 46497.255400   3000 46512.124300 1
3   6.50 0 58854.073600 58078.983600 58854.073600   7000 58862.247400 1 66532.117800 65878.988900 66532.117800   6000 66545.700700 0
4   2.00 1 77212.142700 76612.478700 77212.142700   3500 77229.143600 1 81463.991200 80746.003200 81463.991200   4000 81479.244600 0
5   3.00 1 91254.993200 90546.037700 91254.993200   4000 91279.337300 0 96058.085100 95296.055400 96058.085100   3500 96079.427400 1
6   2.00 1 103971.966500 103146.163200 103971.966500   6500 103979.485400 0 111105.062800 110496.700156 111105.062800   2000 111112.936500 1
7   2.00 1 117430.970400 116679.685300 117430.970400   2000 117446.368300 0 120008.971200 119463.048400 120008.971200   2500 120029.740400 1
8   2.00 1 126574.205000 126096.482600 126574.205000   5000 126579.795200 0 132118.861300 131596.550700 132118.861300   2000 132129.863200 1
9   4.50 1 140693.064600 140196.650200 140693.064600   5000 140713.320000 0 146141.900400 145730.050800 146141.900400   3500 146146.865100 1
10   5.00 1 165220.899700 156213.508700 165220.899700   2500 165230.317900 0 168187.435400 167747.004800 168187.435400   3500 168196.977100 0
11   2.50 0 177066.781300 176263.802000 177066.781300   2000 177080.467500 0 179646.426700 179097.153500 179646.426700   4000 179663.826000 0
12   3.00 1 189219.319400 188730.627100 189219.319400   2000 189230.656000 0 192171.855800 191247.337400 192171.855800   2500 192180.666600 1
13   2.50 1 199363.845900 198747.410100 199363.845900   6000 199380.765400 0 205838.902000 205397.528900 205838.902000   4500 205847.511200 0
14   2.50 0 215740.690400 214914.328600 215740.690400   2500 215747.643400 1 219494.857500 218264.333900 219494.857500   2500 219514.366900 1
15   7.00 0 231885.663300 231081.201300 231885.663300   5500 231897.850400 1 238151.212300 237414.614200 238151.212300   2000 238164.623800 0
16   2.00 0 244855.597900 244231.347000 244855.597900   3000 244864.691000 1 248489.199200 247881.398500 248489.199200   2000 248498.069000 1
17   2.50 0 255452.166100 255064.812900 255452.166100   5000 255464.812000 1 260889.117500 260481.563800 260889.117500   2500 260898.244400 0
18   5.00 1 271238.743300 270465.021600 271238.743300   5500 271248.329300 0 277273.625100 276765.106200 277273.625100   2000 277281.778100 0
19   3.50 0 285274.545200 284848.552600 285274.545200   4000 285281.859500 1 289668.563300 289298.679500 289668.563300   4500 289681.944600 0
20   2.00 1 298725.529700 298248.728800 298725.529700   4000 298732.076300 0 303184.559000 302748.777600 303184.559000   4000 303198.805600 0
21   2.00 1 311834.516600 311265.582600 311834.516600   2000 311848.892900 0 314975.383900 313865.600800 314975.383900   6500 314982.298000 0
22   8.00 0 332751.520700 331549.152100 332751.520700   2000 332765.829700 0 335496.964500 334782.528900 335496.964500   5500 335515.860400 0
23   5.00 0 348434.943300 348082.704600 348434.943300   4500 348449.363400 1 353936.458300 352966.096600 353936.458300   2000 353949.479500 0
24   2.00 0 360512.886000 360016.251100 360512.886000   3000 360532.895000 1 364199.300800 363549.573600 364199.300800   4000 364216.250400 1
25   3.00 0 373742.908200 373316.361300 373742.908200   3000 373749.749600 1 377505.230000 376766.406300 377505.230000   4500 377516.446200 0
--------
10 :Total Won