
trial ITIJitter choice1 rts1 stim1ons_ms choice1ons_ms jitter2 jitter2_ms state rts2 stim2ons_ms choice2ons_ms jitter3 jitter3_ms won

1   6.50 1 22305.579100 21953.574200 22305.579100   5000 22320.305501 1 27663.513800 27337.008400 27663.513800   5500 27670.374000 1
2   3.50 1 39523.527700 38737.186900 39523.527700   2500 39537.202600 1 42738.482800 42053.920100 42738.482800   4000 42753.894700 1
3   4.00 1 53122.418500 52820.794600 53122.418500   4500 53137.548300 1 57972.072700 57670.837300 57972.072700   2000 57987.533700 1
4   5.00 1 67383.073200 67054.334301 67383.073200   7000 67387.723701 1 75805.378100 74404.499400 75805.378100   4000 75821.105300 1
5   7.00 1 89665.083500 88888.073500 89665.083500   5500 89671.323600 0 95629.553100 95188.151000 95629.553100   4500 95638.105500 0
6   5.00 0 107529.132300 107204.972500 107529.132300   6000 107538.376300 0 113841.605200 113555.521547 113841.605200   2000 113871.785201 0
7   3.50 1 122173.518400 121438.582500 122173.518400   4500 122188.577900 0 127203.639900 126705.313700 127203.639900   2000 127221.994000 0
8   2.50 0 134210.845500 133805.413400 134210.845500   4000 134238.787300 0 138615.145401 138255.589300 138615.145401   2000 138622.231500 1
9   6.50 0 149069.681901 148689.063500 149069.681901   6500 149088.999200 0 155926.433900 155605.810500 155926.433900   2000 155955.850500 0
10   6.00 1 166365.547400 166022.691500 166365.547400   2500 166372.622700 1 170077.704800 168889.369000 170077.704800   2000 170089.324700 1
11   2.50 1 176997.636500 176656.179500 176997.636500   6500 177006.188500 1 183808.601000 183522.938800 183808.601000   4500 183822.962800 1
12   2.50 1 193205.578500 192889.731900 193205.578500   5500 193223.046200 1 199314.249600 198739.879700 199314.249600   5500 199323.213800 1
13   8.00 1 215194.694700 214890.118100 215194.694700   5000 215206.812900 1 220727.654200 220223.570000 220727.654200   3500 220740.206300 1
14   3.00 1 229867.732800 229307.065800 229867.732800   2000 229873.710400 1 232579.005600 231890.392100 232579.005600   2500 232590.420400 0
15   3.00 1 240524.593100 240173.929200 240524.593100   5500 240557.179000 1 246566.703000 246090.638200 246566.703000   6000 246590.651700 1
16   3.00 1 258009.645900 257690.857900 258009.645900   3500 258024.180000 1 261914.711200 261540.911200 261914.711200   2000 261924.261100 1
17   4.00 1 272058.574900 269991.048300 272058.574900   7000 272074.430800 1 279393.810600 279091.194100 279393.810600   2000 279424.533700 1
18   3.00 1 286851.690800 286491.340900 286851.690800   7000 286857.998500 1 294216.295600 293874.784600 294216.295600   2500 294224.798201 1
19   7.00 1 306603.692400 305791.639900 306603.692400   2000 306608.286200 1 309072.730800 308641.741700 309072.730800   7500 309091.685600 0
20   2.50 1 321442.604000 321158.580600 321442.604000   4000 321458.542100 1 325948.614600 325475.309900 325948.614600   3500 325958.658400 0
21   5.00 1 336827.709500 336525.592000 336827.709500   3500 336842.151401 1 340654.773400 340358.962600 340654.773400   4000 340658.903300 1
22   5.50 1 352627.339600 352225.780300 352627.339600   3500 352642.460701 1 357304.701000 356175.838700 357304.701000   2500 357325.820900 1
23   4.50 1 366729.308200 366392.680100 366729.308200   3500 366742.677800 1 370685.357000 370259.395800 370685.357000   5000 370692.703300 0
24   3.00 1 382345.264300 380776.240100 382345.264300   2000 382376.236100 1 384796.723500 384393.031200 384796.723500   2000 384809.692800 1
25   6.50 1 397091.820900 395376.470500 397091.820900   4000 397109.815500 1 401561.727500 401126.550900 401561.727500   8000 401576.591800 0
--------
16 :Total Won