
trial ITIJitter choice1 rts1 stim1ons_ms choice1ons_ms jitter2 jitter2_ms state rts2 stim2ons_ms choice2ons_ms jitter3 jitter3_ms won

1   2.50 1 18104.491099 17652.539199 18104.491099   2500 18119.565900 1 21014.935100 20635.917000 21014.935100   2000 21035.933099 1
2   2.00 1 27440.392600 27102.780900 27440.392600   3500 27452.727000 0 31267.340200 30969.425799 31267.340200   2500 31286.072499 0
3   2.00 1 38279.520599 37852.869900 38279.520599   2000 38286.240300 1 41206.426800 40302.908999 41206.426800   3000 41219.596300 1
4   5.50 1 52119.525499 51786.442599 52119.525499   2000 52136.457400 1 54610.076400 54153.163300 54610.076400   3000 54619.827800 1
5   3.00 1 63078.564100 62686.652800 63078.564100   4500 63086.608799 1 68031.514800 67603.371600 68031.514800   3000 68036.723000 1
6   6.50 1 80035.266799 79603.550099 80035.266799   4500 80053.479000 1 85036.558400 84570.300600 85036.558400   5000 85053.678199 1
7   3.50 1 95971.040500 95620.510499 95971.040500   2000 95987.145700 1 98470.568900 98003.903700 98470.568900   8000 98487.236100 0
8   2.00 1 111148.546499 110554.096100 111148.546499   2000 111154.038000 0 114272.628800 113170.793399 114272.628800   3000 114287.458499 0
9   6.50 1 126188.532599 125854.350700 126188.532599   7000 126204.311699 1 133548.105599 133221.125000 133548.105599   2500 133554.495399 1
10   8.00 1 146483.100500 146121.351100 146483.100500   2500 146488.042900 0 149525.107900 149004.727400 149525.107900   4500 149538.072700 1
11   3.50 1 159558.687099 159104.939600 159558.687099   7000 159571.530400 1 166916.579200 166588.367600 166916.579200   3500 166921.636700 1
12   3.50 1 176481.585900 175988.452399 176481.585900   2000 176488.463700 1 179116.715800 178505.237999 179116.715800   2500 179121.899000 0
13   3.00 1 187093.105199 186688.690500 187093.105199   3500 187105.369100 0 191033.436000 190622.096000 191033.436000   2000 191038.744200 1
14   4.00 1 199013.070100 198605.598400 199013.070100   3500 199022.252300 1 202904.495699 202538.945499 202904.495699   2500 202922.299300 0
15   3.50 1 211426.583200 210989.093700 211426.583200   4500 211439.145000 1 216546.597200 215955.851200 216546.597200   5000 216555.834300 0
16   6.00 1 230975.140500 229622.718999 230975.140500   6500 230989.426199 1 238051.604400 237506.251400 238051.604400   2500 238056.242900 0
17   4.00 0 247505.146300 246622.993999 247505.146300   7000 247523.081400 0 254875.118700 254539.873899 254875.118700   2500 254889.824600 1
18   3.50 1 262892.631599 262489.907500 262892.631599   6000 262906.553500 1 269246.705599 268923.431799 269246.705599   2500 269256.706299 0
19   4.50 1 279347.201900 278323.536299 279347.201900   3500 279356.855500 0 283179.169099 282873.631299 283179.169099   2500 283190.289000 1
20   4.00 1 291683.652000 291257.107699 291683.652000   4500 291690.438200 0 297074.601500 296207.181700 297074.601500   2000 297090.505600 1
21   4.00 0 305474.639900 304657.331500 305474.639900   3500 305490.576700 0 309392.197199 309007.400400 309392.197199   2000 309407.393899 1
22   6.00 0 319323.198200 318974.176199 319323.198200   5500 319340.859499 0 325320.769300 324857.663499 325320.769300   2000 325341.002900 1
23   2.00 0 331504.753799 330907.801300 331504.753799   2000 331524.444100 0 334232.668400 333541.177900 334232.668400   3500 334241.177599 1
24   5.50 0 345403.180400 344807.997000 345403.180400   2000 345407.968500 0 347906.565599 347424.665299 347906.565599   2000 347924.711100 1
25   3.00 0 355180.556099 354491.508900 355180.556099   7500 355191.556099 0 363305.645600 362708.297200 363305.645600   5500 363324.968699 1
--------
17 :Total Won