
trial ITIJitter choice1 rts1 stim1ons_ms choice1ons_ms jitter2 jitter2_ms state rts2 stim2ons_ms choice2ons_ms jitter3 jitter3_ms won

1   2.50 1 26895.029300 26127.349300 26895.029300   4500 26911.155115 0 32493.018900 31427.393600 32493.018900   2000 32510.775700 1
2   3.50 0 40029.652100 39577.580200 40029.652100   4000 40044.244200 0 44332.066300 44060.970700 44332.066300   4500 44344.274600 1
3   5.00 0 55804.596100 55411.196401 55804.596100   2500 55811.172900 0 58697.109700 58327.884400 58697.109700   4500 58711.255500 1
4   2.00 0 67441.615000 66778.025800 67441.615000   4000 67461.398600 0 71834.667200 71478.105600 71834.667200   2500 71844.797300 0
5   3.00 0 80073.205000 79411.591500 80073.205000   6000 80078.237100 0 86368.087000 86095.023800 86368.087000   5000 86378.370700 1
6   3.50 0 96736.105400 96445.195400 96736.105400   2500 96745.184600 0 99654.675500 99261.923400 99654.675500   5500 99661.896600 0
7   3.00 0 110561.134600 110228.705400 110561.134600   4000 110578.728100 0 114902.055300 114595.484500 114902.055300   2500 114912.171400 1
8   6.50 0 125820.997400 125479.032900 125820.997400   7000 125828.973001 0 133189.231900 132845.740300 133189.231900   4000 133195.842500 0
9   3.00 0 143034.140400 142262.559401 143034.140400   4500 143045.982000 0 147958.677001 147562.780400 147958.677001   3500 147979.500700 0
10   3.50 0 157367.152100 157046.222100 157367.152100   3500 157379.537400 0 161225.701000 160896.261400 161225.701000   6500 161246.263800 0
11   2.00 0 173473.187800 171813.094600 173473.187800   4000 173479.814200 0 177811.752200 177496.539001 177811.752200   4500 177829.858700 1
12   5.50 0 189822.089200 189396.745200 189822.089200   6500 189830.020800 1 197056.739400 196346.845800 197056.739400   2500 197063.553900 1
13   3.50 0 205680.108100 205130.278400 205680.108100   4500 205697.006400 1 210812.218600 210213.734600 210812.218600   3500 210830.418400 0
14   5.00 1 221700.288800 221397.211700 221700.288800   3000 221713.984100 0 225197.263000 224730.645300 225197.263000   2500 225214.005701 0
15   2.00 0 232775.256500 231780.778900 232775.256500   3500 232780.814500 1 238244.745100 236297.514300 238244.745100   6000 238264.188000 1
16   6.50 0 253146.238600 252831.072200 253146.238600   3000 253164.451700 0 256811.706500 256181.185200 256811.706500   2500 256831.188600 1
17   2.00 0 263376.709400 262897.957300 263376.709400   4500 263381.309600 0 268405.346400 267898.032900 268405.346400   7500 268414.719300 1
18   2.00 0 280108.304000 279514.910800 280108.304000   5500 280114.896300 0 286276.263600 285631.675200 286276.263600   4000 286281.693400 1
19   3.00 0 295229.723200 294848.484700 295229.723200   4500 295248.458300 0 300043.191401 299765.237700 300043.191401   2000 300048.578200 1
20   2.00 0 306223.307600 305615.341600 306223.307600   2000 306232.033100 1 308768.173900 308248.857700 308768.173900   4000 308782.030500 1
21   5.00 0 320151.242500 319848.912000 320151.242500   4500 320165.571701 0 325204.453900 324682.321700 325204.453900   2000 325215.683900 1
22   3.50 0 332715.718900 332282.436800 332715.718900   2000 332732.438700 0 335878.554800 334749.185300 335878.554800   2000 335899.170900 1
23   7.00 0 346875.186100 346466.050100 346875.186100   2500 346882.689800 0 349973.786601 349399.414700 349973.786601   2500 349982.734200 1
24   5.50 0 359910.422000 359549.557800 359910.422000   4000 359916.225400 0 364321.378600 363932.964200 364321.378600   5000 364333.016000 1
25   2.00 1 373568.266000 372899.822701 373568.266000   4000 373583.174400 1 377910.239700 377599.865200 377910.239700   4500 377916.538200 0
--------
17 :Total Won