
trial ITIJitter choice1 rts1 stim1ons_ms choice1ons_ms jitter2 jitter2_ms state rts2 stim2ons_ms choice2ons_ms jitter3 jitter3_ms won

1   3.00 1 20580.953200 19632.744700 20580.953200   4500 20599.811000 0 25651.742600 25116.153000 25651.742600   3000 25666.173100 1
2   4.00 1 34596.811700 34233.007900 34596.811700   6000 34616.319100 1 41606.361600 40633.088200 41606.361600   2000 41616.431700 0
3   3.00 1 49177.853300 48683.228000 49177.853300   4000 49183.192900 1 54120.377400 53199.955900 54120.377400   4000 54133.263900 0
4   3.50 1 64032.843900 63700.111600 64032.843900   2000 64050.133300 1 66857.949700 66066.857300 66857.949700   3500 66866.852600 1
5   2.00 1 74823.392200 74433.657100 74823.392200   2500 74833.649700 1 77818.033700 77350.372600 77818.033700   2500 77833.704200 0
6   2.00 1 84747.383700 84400.490500 84747.383700   3000 84767.153300 1 88490.931300 87783.871600 88490.931300   4000 88500.554600 0
7   4.50 1 99396.886200 99067.430500 99396.886200   5000 99400.751000 1 104936.846100 104417.481400 104936.846100   3500 104950.822200 1
8   6.50 0 117407.783000 117017.677100 117407.783000   2500 117417.692400 0 120449.981300 119934.392100 120449.981300   3500 120467.782500 1
9   3.00 0 128856.365700 128534.577200 128856.365700   3500 128867.851900 0 132842.002500 132384.603300 132842.002500   8000 132851.287400 1
10   3.00 0 145918.901700 145418.111900 145918.901700   4500 145934.870800 0 150991.051300 150451.531500 150991.051300   4000 151001.602300 1
11   3.50 0 160503.423000 160068.404400 160503.423000   2500 160518.372200 0 163648.019900 163035.111900 163648.019900   8000 163668.474700 1
12   4.50 0 178058.486100 177735.400500 178058.486100   2500 178068.722500 0 182127.895300 180585.420500 182127.895300   2500 182135.353800 1
13   2.50 0 189154.475600 188702.206600 189154.475600   4500 189168.875700 0 193977.816800 193685.699800 193977.816800   2500 193985.610600 0
14   4.50 0 203306.496500 203052.495400 203306.496500   3500 203319.131400 0 207343.116200 206835.900000 207343.116200   3500 207352.501000 1
15   5.00 0 217879.121300 217419.398300 217879.121300   2500 217886.071700 0 221049.115400 220402.745500 221049.115400   2000 221069.485900 1
16   3.00 0 228245.453500 227669.549900 228245.453500   4000 228252.843000 1 232670.001400 232269.621000 232670.001400   7000 232686.232900 1
17   5.50 0 247531.947300 247253.148300 247531.947300   2500 247536.528700 0 250425.809300 250053.263800 250425.809300   2500 250436.565000 0
18   4.00 1 259875.042000 259003.368700 259875.042000   3500 259886.711200 1 263743.883000 263403.458800 263743.883000   5500 263753.491700 0
19   4.00 0 275685.156500 275320.366900 275685.156500   2000 275703.659600 0 278198.939700 277720.374700 278198.939700   7500 278203.694900 0
20   6.50 0 295439.884600 294270.593500 295439.884600   3500 295453.956200 0 299529.975300 298970.738200 299529.975300   2000 299537.424600 0
21   3.50 0 307892.025400 307104.196800 307892.025400   5500 307904.243500 0 313930.541100 313420.963300 313930.541100   2000 313937.674300 0
22   2.50 0 320946.524900 320504.370400 320946.524900   6500 320954.372700 0 327945.112200 327471.196500 327945.112200   3000 327954.540100 1
23   3.50 0 336541.947300 336021.367600 336541.947300   7000 336554.653000 0 344010.955600 343571.495000 344010.955600   5000 344021.466300 0
24   3.50 0 354962.925500 354588.312400 354962.925500   5000 354971.662300 0 360659.077900 359988.376000 360659.077900   7500 360671.724300 1
25   7.50 0 377549.192800 377238.694100 377549.192800   3500 377555.332900 0 381501.265000 381072.044800 381501.265000   4500 381522.133400 0
--------
13 :Total Won