
trial ITIJitter choice1 rts1 stim1ons_ms choice1ons_ms jitter2 jitter2_ms state rts2 stim2ons_ms choice2ons_ms jitter3 jitter3_ms won

1   2.50 1 24855.890400 24475.799700 24855.890400   4500 24876.123500 1 29761.113600 29392.544900 29761.113600   3500 29775.873700 1
2   3.50 1 39171.475101 38842.727000 39171.475101   4000 39192.650200 1 43682.070500 43209.455400 43682.070500   3500 43692.762600 1
3   2.50 1 52278.505700 51759.614900 52278.505700   5500 52292.921600 1 58113.864100 57809.701100 58113.864100   5000 58126.356000 1
4   4.00 1 69497.481300 69193.228700 69497.481300   7000 69509.834600 1 76851.949900 76526.656800 76851.949900   3000 76860.048900 0
5   4.00 1 86328.857400 85926.835500 86328.857400   4500 86343.458601 1 91242.861000 90860.285000 91242.861000   3000 91260.242700 0
6   2.00 0 98638.528900 98327.038401 98638.528900   7500 98643.696800 0 106734.928000 106160.519600 106734.928000   3000 106743.809100 1
7   2.00 0 113653.749200 113310.606100 113653.749200   2000 113660.537500 0 116011.770700 115677.350700 116011.770700   6000 116027.254200 0
8   2.00 1 126340.939800 126094.191401 126340.939800   6000 126360.872701 1 132823.531400 132377.620100 132823.531400   3000 132844.272400 0
9   8.00 1 146263.961200 145911.162900 146263.961200   2500 146277.813700 1 149372.022700 148811.159000 149372.022700   2000 149377.881600 0
10   2.00 0 155995.763500 155444.630001 155995.763500   5000 156011.332400 0 161325.898800 161028.082601 161325.898800   2000 161344.754000 0
11   2.50 0 168274.001200 167911.484000 168274.001200   5000 168278.210600 1 173601.964700 173294.940300 173601.964700   2500 173611.626200 0
12   7.00 1 185486.112600 185178.486001 185486.112600   5500 185495.115900 1 191628.957300 191011.920600 191628.957300   2000 191645.283300 0
13   6.00 1 202024.973000 201712.157001 202024.973000   2000 202045.400900 1 206281.471000 204062.144800 206281.471000   5500 206295.445200 1
14   2.50 1 216703.013100 216362.336400 216703.013100   3500 216712.337900 1 220725.091700 220229.070700 220725.091700   2000 220745.728300 1
15   2.00 1 227536.547500 226812.608600 227536.547500   3000 227545.789500 1 231123.916200 230562.574800 231123.916200   4500 231129.222800 0
16   4.00 1 242009.963901 241696.091701 242009.963901   2000 242029.419100 1 244713.147200 244046.126000 244713.147200   4000 244729.493500 1
17   2.00 1 253167.080700 252796.271300 253167.080700   2000 253179.617400 0 255827.029400 255196.311300 255827.029400   5500 255846.289700 0
18   4.50 1 268202.967600 267929.830700 268202.967600   4500 268213.202700 1 273565.973600 272729.953801 273565.973600   2000 273579.938601 1
19   2.00 1 280080.184800 279646.713600 280080.184800   5500 280096.749001 0 286062.585500 285630.162500 286062.585500   4000 286080.165600 0
20   2.00 0 294662.005400 294146.970400 294662.005400   3000 294680.274700 0 298050.032300 297697.036500 298050.032300   2500 298063.726500 0
21   3.00 1 305967.185900 305647.172300 305967.185900   3000 305980.487600 1 309417.045400 308997.212101 309417.045400   7000 309430.575300 1
22   8.00 0 326833.590301 326497.452300 326833.590301   7000 326847.546400 1 336443.930300 333864.311200 336443.930300   2500 336464.288500 1
23   4.00 1 345627.154300 345064.451300 345627.154300   7000 345647.840200 1 353156.882500 352664.615300 353156.882500   4500 353164.595500 0
24   3.00 1 363050.699100 362731.461700 363050.699100   6500 363064.792100 1 370081.174600 369581.557600 370081.174600   4500 370098.265100 1
25   2.00 1 378992.774700 378681.725900 378992.774700   2500 378998.367200 0 382267.082300 381515.068400 382267.082300   4000 382281.724300 0
--------
11 :Total Won