
trial ITIJitter choice1 rts1 stim1ons_ms choice1ons_ms jitter2 jitter2_ms state rts2 stim2ons_ms choice2ons_ms jitter3 jitter3_ms won

1   2.50 1 17269.760700 16667.462300 17269.760700   3500 17284.535600 0 21397.929700 20800.809100 21397.929700   3500 21417.490300 0
2   4.50 1 31906.948600 31484.354400 31906.948600   3500 31917.655000 1 35817.782100 35434.413100 35817.782100   7500 35834.406499 1
3   5.00 1 50683.439300 50401.361600 50683.439300   2500 50701.391600 0 53757.733900 53218.088700 53757.733900   2000 53768.032599 0
4   6.50 1 64667.949900 64334.924500 64667.949900   5000 64684.911500 1 69990.780200 69701.662000 69990.780200   2000 70001.644400 1
5   2.00 1 76475.884600 76068.432100 76475.884600   3500 76485.044300 1 80481.903500 80001.804399 80481.903500   3500 80501.798500 1
6   2.50 1 88896.976300 88568.665900 88896.976300   7500 88902.020500 1 96820.907400 96418.762800 96820.907400   2000 96835.438000 1
7   5.00 1 106171.875400 105902.264199 106171.875400   5000 106185.614700 1 112044.042700 111202.293099 112044.042700   3000 112052.352700 1
8   6.50 1 124115.909400 123619.235199 124115.909400   2500 124135.931600 1 127028.933100 126652.599400 127028.933100   4000 127035.931099 0
9   3.00 1 136525.975200 136102.774100 136525.975200   6000 136536.103900 1 143184.888300 142552.989500 143184.888300   7500 143202.851200 1
10   2.00 1 155554.015300 154769.706900 155554.015300   3500 155569.792000 1 159506.877400 159086.471799 159506.877400   3500 159519.838399 1
11   4.00 1 169401.987100 169086.648200 169401.987100   5000 169420.010100 1 175139.901400 174436.759600 175139.901400   4000 175153.427400 1
12   4.00 1 185826.972100 185220.273499 185826.972100   5500 185836.961200 1 191685.041800 191353.679999 191685.041800   3000 191703.615900 1
13   6.50 1 203580.025199 203270.546599 203580.025199   3500 203587.214600 1 207416.854600 207103.970700 207416.854600   2500 207437.237800 1
14   3.50 1 215901.977600 215537.361700 215901.977600   4000 215920.747300 1 220232.071500 219937.487500 220232.071500   5000 220254.150599 1
15   2.00 1 229742.038300 229321.003900 229742.038300   7000 229754.364399 1 237117.957700 236771.051900 237117.957700   3000 237137.749400 1
16   3.00 1 245523.007900 245204.523000 245523.007900   4000 245537.857200 1 250006.540000 249554.655900 250006.540000   2500 250021.310500 0
17   2.00 1 256852.955100 256588.091199 256852.955100   4500 256871.434100 1 261860.179200 261388.186399 261860.179200   3000 261871.574999 1
18   5.00 1 272529.991400 271938.357700 272529.991400   4500 272538.376800 0 277793.921700 277055.047299 277793.921700   8000 277805.133900 1
19   2.00 1 290070.438800 289371.969100 290070.438800   3500 290088.619600 1 293950.905300 293605.365700 293950.905300   2000 293972.070899 1
20   3.00 1 301554.549300 301038.914400 301554.549300   2000 301572.175700 1 304183.808700 303588.870300 304183.808700   3000 304188.905399 0
21   4.00 1 313514.035700 313255.701800 313514.035700   6500 313522.368100 1 320315.127500 320039.144800 320315.127500   6000 320322.482000 0
22   2.00 1 330653.106900 330389.322200 330653.106900   5500 330672.637200 1 336551.277999 336189.441000 336551.277999   6000 336556.066400 0
23   2.50 1 347483.195600 347122.941299 347483.195600   4500 347489.604500 1 352299.884200 352006.393499 352299.884200   2500 352306.350200 1
24   3.00 1 360189.611900 359873.160600 360189.611900   3500 360206.477900 1 364058.599200 363723.201399 364058.599200   3000 364073.209600 0
25   3.50 1 372963.924600 372640.056800 372963.924600   3000 372973.329400 1 376654.205500 375990.073600 376654.205500   2000 376673.415000 1
--------
17 :Total Won