
trial ITIJitter choice1 rts1 stim1ons_ms choice1ons_ms jitter2 jitter2_ms state rts2 stim2ons_ms choice2ons_ms jitter3 jitter3_ms won

1   3.00 1 20358.488600 20007.027300 20358.488600   5500 20374.075300 1 26246.434900 25890.513100 26246.434900   6000 26257.175200 0
2   2.00 0 36692.954700 36324.021000 36692.954700   6500 36707.288500 0 43634.515400 43224.168300 43634.515400   2500 43640.770800 1
3   5.50 0 53567.060500 53207.565000 53567.060500   2000 53574.233400 0 56778.105200 55590.981500 56778.105200   4500 56791.015200 1
4   8.00 0 71387.556000 70857.916000 71387.556000   7500 71391.216200 0 79183.663700 78908.038900 79183.663700   2000 79191.375800 0
5   2.50 0 86156.598400 85758.106200 86156.598400   2000 86174.868600 0 88627.111400 88191.532000 88627.111400   4500 88641.520100 1
6   3.50 0 98584.018900 98208.404000 98584.018900   3000 98591.649000 0 101933.101300 101608.422200 101933.101300   6500 101941.726099 1
7   5.00 0 115376.581600 115008.629900 115376.581600   5000 115392.035900 0 120671.446400 120408.684000 120671.446400   7500 120692.060200 1
8   6.00 0 136174.066600 135759.036400 136174.066600   2000 136192.354500 0 138716.153900 138209.025300 138716.153900   6000 138725.707600 1
9   4.50 1 151278.473000 150792.550900 151278.473000   7000 151292.540000 0 158744.547800 158309.312700 158744.547800   3000 158759.371900 1
10   4.50 0 168423.518700 167826.186100 168423.518700   2500 168442.837000 1 171600.683400 170959.586600 171600.683400   3500 171609.580700 0
11   4.50 0 181965.658800 181676.373900 181965.658800   2500 181976.423900 1 185406.584000 184493.103300 185406.584000   4000 185426.498800 0
12   3.00 0 195361.499800 194493.315600 195361.499800   5000 195376.644800 1 201105.609500 200393.436700 201105.609500   5000 201126.789300 0
13   6.00 0 214588.613300 214193.583600 214588.613300   6000 214593.654799 0 221370.140900 220610.442000 221370.140900   2500 221377.090200 0
14   3.50 0 229726.590200 229443.852900 229726.590200   3000 229743.851400 0 233075.706100 232760.570100 233075.706100   4000 233093.939400 1
15   6.50 0 245767.188300 245160.818700 245767.188300   3000 245777.500500 0 251137.689899 248794.159800 251137.689899   2500 251144.207400 1
16   3.50 0 259161.138400 258711.023200 259161.138400   2000 259177.734600 0 261572.638200 261194.409400 261572.638200   4000 261577.757400 1
17   3.00 0 270484.525400 270194.508300 270484.525400   7000 270494.545200 0 277801.697500 277511.295200 277801.697500   2500 277811.323200 1
18   3.00 0 288153.636600 284878.146900 288153.636600   2000 288161.526100 0 290614.794899 290178.229700 290614.794899   2500 290628.234700 0
19   7.00 0 302606.657900 302195.115200 302606.657900   5000 302611.731299 1 308165.760600 307628.587100 308165.760600   2000 308178.538600 1
20   3.00 0 315658.919200 315245.316700 315658.919200   3000 315678.644100 0 319058.735100 318695.414500 319058.735100   6500 319078.694200 0
21   2.00 0 330404.739700 329645.544800 330404.739700   5000 330412.246200 0 335922.775200 335428.993000 335922.775200   2000 335928.997300 0
22   4.50 0 344857.712500 344495.882600 344857.712500   2500 344862.460400 0 347674.917600 347379.184700 347674.917600   6500 347679.182700 0
23   7.00 0 363688.667700 363246.102200 363688.667700   5000 363696.084100 0 369182.286200 368712.860300 369182.286200   4000 369196.204800 0
24   4.00 0 379710.779900 379263.088400 379710.779900   4000 379729.752200 0 384036.232200 383746.418900 384036.232200   7000 384046.477600 1
25   6.50 0 399530.071700 399113.397200 399530.071700   5000 399546.724700 0 404945.820200 404563.457200 404945.820200   3000 404963.462600 0
--------
13 :Total Won