
trial ITIJitter choice1 rts1 stim1ons_ms choice1ons_ms jitter2 jitter2_ms state rts2 stim2ons_ms choice2ons_ms jitter3 jitter3_ms won

1   6.50 1 42094.715100 39588.854875 42094.715100   3500 42121.953400 0 47154.342900 45638.529200 47154.342900   5500 47172.005000 0
2   2.00 1 57604.063200 56738.691400 57604.063200   5500 57622.003300 1 63663.919200 63138.837400 63663.919200   2500 63672.585084 1
3   2.50 0 71447.227400 70738.892800 71447.227400   5000 71472.637000 0 77101.143000 76489.093600 77101.143000   3500 77122.303700 1
4   6.50 1 89141.117000 88689.163900 89141.117000   3000 89155.869300 1 92555.215200 92172.619300 92555.215200   2000 92572.650700 0
5   2.50 0 101246.227700 99139.445700 101246.227700   5000 101272.800400 0 106708.236100 106289.491400 106708.236100   2000 106722.790500 1
6   2.00 1 112803.250800 112289.607700 112803.250800   3500 112822.955700 1 116682.136300 116339.659500 116682.136300   5000 116689.676400 0
7   6.00 1 130543.123700 129756.574400 130543.123700   2000 130556.530000 0 133050.371700 132573.297700 133050.371700   3000 133056.626100 1
8   4.00 0 142122.232900 141623.400800 142122.232900   4000 142140.153000 0 146895.208600 146156.846500 146895.208600   2000 146906.953200 1
9   5.50 1 156448.615900 155973.698300 156448.615900   5500 156456.997100 1 162388.137300 161973.812200 162388.137300   4000 162407.044100 0
10   4.00 0 173311.836500 172473.972300 173311.836500   4000 173323.932700 0 177764.902300 177340.714800 177764.902300   3000 177774.057100 1
11   4.50 0 187172.852800 186840.848300 187172.852800   4000 187190.846000 1 191546.165400 191207.588000 191546.165400   2000 191557.557900 0
12   3.00 1 199078.853700 198624.412700 199078.853700   3500 199090.955500 1 203253.381100 202607.789800 203253.381100   2500 203257.802700 0
13   7.50 1 215701.911800 215324.639200 215701.911800   6000 215707.932500 1 222583.207500 221724.807400 222583.207500   2000 222591.397000 0
14   3.00 1 230050.861000 229658.232600 230050.861000   5000 230058.185400 1 235714.365400 235075.004600 235714.365400   3500 235724.966400 0
15   5.00 0 246822.834500 246291.806100 246822.834500   4000 246841.839300 0 251317.299700 250858.528200 251317.299700   2000 251325.172800 0
16   7.00 0 262718.905800 262392.088200 262718.905800   4000 262725.381400 0 267350.873400 266742.187100 267350.873400   5500 267358.843400 1
17   7.50 0 282306.957800 281925.811500 282306.957800   2000 282325.756800 0 284979.951500 284342.509100 284979.951500   6500 284992.496500 0
18   7.00 0 301379.290900 300559.459900 301379.290900   2500 301392.788100 0 304389.544200 303909.443400 304389.544200   4000 304409.483100 1
19   2.50 1 313032.286500 312476.398100 313032.286500   5000 313043.026500 1 318390.972200 318059.741900 318390.972200   3500 318409.629300 1
20   5.50 0 329856.218800 329476.635200 329856.218800   5500 329876.543200 1 335939.452100 335393.361600 335939.452100   5500 335959.955600 0
21   3.00 0 347528.893000 346526.853100 347528.893000   2000 347543.935772 0 349926.401100 349560.241900 349926.401100   2500 349943.609500 1
22   7.50 1 361949.016700 361544.076636 361949.016700   4000 361960.514900 0 366366.367000 365977.137500 366366.367000   6000 366377.102700 0
23   5.00 0 379908.038900 379444.081900 379908.038900   4000 379927.339200 0 384452.060800 383944.075200 384452.060800   2500 384461.002600 0
24   2.00 1 391465.526900 391027.601100 391465.526900   2000 391494.165200 1 393853.041000 393510.917700 393853.041000   3000 393860.944100 1
25   2.50 1 402064.252800 401427.811100 402064.252800   6500 402077.685500 0 408882.430800 408594.536300 408882.430800   2500 408894.496100 0
--------
11 :Total Won