
trial ITIJitter choice1 rts1 stim1ons_ms choice1ons_ms jitter2 jitter2_ms state rts2 stim2ons_ms choice2ons_ms jitter3 jitter3_ms won

1   6.00 1 24755.768600 24457.736600 24755.768600   2500 24774.708200 1 27722.814200 27291.076200 27722.814200   7500 27741.079500 1
2   4.50 1 42141.364600 41808.004400 42141.364600   3500 42157.980600 1 46148.933900 45674.712300 46148.933900   3500 46157.997300 1
3   3.00 1 55137.731500 54724.854900 55137.731500   2500 55158.139600 1 58102.807300 57674.925500 58102.807300   2500 58108.238000 1
4   2.00 1 66130.473800 64675.065500 66130.473800   5000 66141.728300 0 71715.054200 71158.485200 71715.054200   6500 71725.127100 0
5   2.50 0 83175.147800 82791.984700 83175.147800   2000 83191.983800 0 85887.991300 85208.688500 85887.991300   2000 85908.701000 0
6   3.00 1 93454.873800 92975.499500 93454.873800   3000 93458.829000 1 96904.472400 96475.571000 96904.472400   2000 96925.558300 1
7   3.50 1 104876.435600 104492.350000 104876.435600   3500 104892.421700 0 108917.940600 108409.030200 108917.940600   5000 108925.796200 0
8   3.00 1 119253.494200 118992.621400 119253.494200   5000 119259.259300 1 124635.491800 124276.052600 124635.491800   2500 124642.668900 1
9   3.00 1 132587.817200 132209.490800 132587.817200   3000 132592.761100 1 136085.885900 135609.534400 136085.885900   7500 136092.874800 1
10   3.00 1 149000.762600 148659.715900 149000.762600   6000 149009.815700 1 155332.504900 155026.521400 155332.504900   2500 155343.200400 1
11   5.50 1 165772.917500 165409.985800 165772.917500   5000 165793.403100 1 171118.211400 170810.116400 171118.211400   5500 171126.787900 1
12   6.50 1 185534.921400 185193.706200 185534.921400   4000 185543.694500 1 190094.024400 189560.431200 190094.024400   5000 190110.426600 1
13   7.50 1 205144.943600 204677.341100 205144.943600   3500 205160.631800 1 209119.014500 208677.409000 209119.014500   4000 209127.529400 0
14   2.00 1 217976.859300 217194.215600 217976.859300   4500 217994.248900 1 222915.990100 222510.955400 222915.990100   2500 222927.779100 1
15   7.00 1 234950.584800 234527.851700 234950.584800   2000 234961.217400 1 237315.067300 236977.914300 237315.067300   5500 237327.870300 0
16   3.50 1 249493.514400 248394.725400 249493.514400   2500 249511.372100 1 252454.496800 252028.144600 252454.496800   2500 252461.456600 0
17   6.00 1 263351.078400 263028.330200 263351.078400   5500 263361.677500 1 269392.079300 268878.383100 269392.079300   5000 269411.741000 0
18   7.50 1 284336.280800 283978.690500 284336.280800   4500 284345.343700 1 289394.005200 288862.088700 289394.005200   2000 289412.117800 0
19   2.00 1 295786.601700 295478.892300 295786.601700   2000 295795.539100 1 298373.003500 297812.265800 298373.003500   3500 298378.927000 0
20   7.00 0 311274.152000 310945.797000 311274.152000   7000 311279.111300 0 318562.829600 318295.956600 318562.829600   2000 318579.273100 1
21   2.00 0 324609.551600 324145.981800 324609.551600   2500 324629.380900 0 327476.903500 327146.072200 327476.903500   4000 327496.054500 1
22   2.50 0 336257.209900 335562.871500 336257.209900   2000 336262.872900 0 338755.987800 338279.607100 338755.987800   5000 338762.921900 1
23   4.00 0 349655.989800 349329.735200 349655.989800   5000 349663.069400 1 355022.037500 354679.822100 355022.037500   4500 355029.869100 0
24   6.50 0 368418.652000 368096.769700 368418.652000   2500 368430.131800 0 371312.943600 370946.790500 371312.943600   2000 371330.166900 1
25   6.00 0 381237.697600 380896.988800 381237.697600   2500 381247.026000 0 384287.211100 383763.673400 384287.211100   4000 384297.043600 0
--------
14 :Total Won