
trial ITIJitter choice1 rts1 stim1ons_ms choice1ons_ms jitter2 jitter2_ms state rts2 stim2ons_ms choice2ons_ms jitter3 jitter3_ms won

1   2.50 1 17636.476000 17237.593200 17636.476000   6000 17654.586600 1 23980.973700 23671.052500 23980.973700   3000 23987.657900 0
2   4.50 1 33904.468900 33554.535300 33904.468900   2000 33921.195800 1 37007.444100 35937.892700 37007.444100   4000 37021.194600 0
3   2.50 0 46460.391700 45588.034500 46460.391700   8000 46471.398700 0 54763.440701 54488.215400 54763.440701   5500 54771.528600 1
4   6.00 0 68134.903700 67855.101901 68134.903700   3000 68155.047300 0 71798.512200 71171.775700 71798.512200   6000 71805.176500 0
5   2.50 1 83748.007100 82372.015800 83748.007100   2500 83755.377400 1 86623.437500 86272.016100 86623.437500   4000 86638.731300 0
6   2.00 1 95024.359800 94705.613300 95024.359800   6500 95055.521600 1 101867.323500 101572.369900 101867.323500   8000 101872.300000 0
7   6.00 0 118202.444200 117939.275200 118202.444200   4500 118222.616500 0 123059.558000 122739.480000 123059.558000   6500 123072.717401 0
8   5.00 0 137243.403000 136639.553401 137243.403000   2000 137256.233900 0 139876.555700 139272.954300 139876.555700   5000 139889.647300 1
9   3.50 0 150359.372200 149956.488000 150359.372200   2500 150373.075601 0 153307.080600 152889.853400 153307.080600   4000 153323.202700 1
10   3.50 0 163253.313300 162456.710500 163253.313300   3500 163273.440001 0 167259.527300 166790.084600 167259.527300   3500 167273.373100 1
11   2.50 0 175224.032700 174840.195600 175224.032700   2000 175240.237200 0 178103.530400 177256.924100 178103.530400   2000 178123.584100 1
12   3.00 0 185174.459800 184690.380600 185174.459800   3000 185190.392900 1 188679.268600 188207.077100 188679.268600   4500 188690.427700 0
13   8.00 0 203602.580801 203257.378800 203602.580801   5500 203607.350300 0 209426.331400 209124.148000 209426.331400   2500 209440.731501 0
14   2.00 1 216490.109800 216007.596600 216490.109800   2000 216507.576700 1 218870.523300 218524.283100 218870.523300   2000 218890.889900 1
15   3.50 1 226765.672600 226457.792600 226765.672600   7000 226774.431500 1 234763.385800 233791.195200 234763.385800   7000 234774.532000 0
16   3.00 1 247151.494300 246841.426800 247151.494300   2000 247158.076500 0 249783.513900 249174.782800 249783.513900   3500 249791.473900 0
17   2.50 0 258164.446200 257858.243500 258164.446200   5000 258174.934600 0 263665.466200 263191.713800 263665.466200   3500 263674.950400 0
18   5.50 0 275023.505600 274741.849600 275023.505600   6000 275041.902800 1 281433.615700 281058.684300 281433.615700   2000 281441.993700 1
19   4.00 0 290050.733300 289508.816900 290050.733300   2500 290058.806300 0 292964.682500 292575.453200 292964.682500   6500 292975.480500 0
20   3.00 1 304910.493000 304542.379100 304910.493000   2500 304925.707600 1 307859.554600 307442.445200 307859.554600   5000 307875.775200 1
21   3.00 1 318413.429700 317942.599800 318413.429700   5000 318426.020000 1 324048.515900 323442.693900 324048.515900   3500 324059.366000 1
22   3.00 1 333072.548901 332626.178300 333072.548901   7000 333092.854001 0 340472.139500 340109.996300 340472.139500   2000 340492.976400 1
23   2.00 1 346985.166000 346093.070400 346985.166000   3500 346993.023000 0 350995.160500 350509.781900 350995.160500   2500 351009.819201 1
24   6.50 1 361953.146000 361576.733800 361953.146000   8000 361959.978100 1 370317.647200 369976.795100 370317.647200   2500 370326.810900 1
25   3.00 1 378904.609600 377893.601500 378904.609600   3000 378910.233900 1 382595.198200 381927.028900 382595.198200   4500 382610.331100 1
--------
13 :Total Won