
trial ITIJitter choice1 rts1 stim1ons_ms choice1ons_ms jitter2 jitter2_ms state rts2 stim2ons_ms choice2ons_ms jitter3 jitter3_ms won

1   3.50 1 23373.210801 22881.611500 23373.210801   5000 23448.499000 1 28929.636700 28481.735001 28929.636700   2000 28948.378400 1
2   2.50 0 36067.112200 35531.816900 36067.112200   5000 36081.783801 0 41373.183401 41098.622800 41373.183401   2500 41381.855401 0
3   4.00 1 50238.140400 49948.724801 50238.140400   2000 50298.749600 0 52881.150700 52315.407000 52881.150700   3500 52898.777400 0
4   5.00 0 63792.377200 63465.656300 63792.377200   2500 63798.904100 0 66817.731400 66315.640600 66817.731400   3500 66832.332000 0
5   7.50 1 80145.052400 79899.225300 80145.052400   2000 80182.669500 0 82693.296100 82199.213800 82693.296100   4500 82699.265100 1
6   4.50 0 93972.290100 93266.079101 93972.290100   2000 93982.777000 0 96504.374600 95999.544700 96504.374600   5000 96516.204200 1
7   3.00 1 106347.178600 106083.058200 106347.178600   3500 106366.697200 0 110325.109700 109883.083700 110325.109700   2500 110333.031800 0
8   6.00 1 121134.130600 120899.880800 121134.130600   5000 121149.855600 1 126696.247400 126166.618600 126696.247400   8000 126716.669500 1
9   2.50 0 139560.733500 139283.565400 139560.733500   5000 139566.982300 0 145013.069201 144583.682100 145013.069201   6000 145033.606300 0
10   3.50 0 157202.838700 156600.489900 157202.838700   5000 157217.146801 0 162774.865601 162233.922900 162774.865601   2000 162783.885300 0
11   3.50 0 170748.235200 170350.671300 170748.235200   2500 170767.398400 0 173757.836200 173284.110001 173757.836200   4500 173767.451700 0
12   3.50 1 184112.736600 183834.276000 184112.736600   4000 184117.596701 1 188411.383400 188134.361200 188411.383400   4500 188417.713600 0
13   4.00 1 199293.868900 198984.567900 199293.868900   4000 199301.162200 1 203876.238400 203317.949400 203876.238400   3000 203884.591600 0
14   5.00 1 214656.824700 213951.444900 214656.824700   4500 214668.104800 1 219779.352601 219184.839100 219779.352601   6000 219784.865000 1
15   2.00 1 230941.302500 229851.703700 230941.302500   2000 230951.715000 1 233775.459100 232968.510301 233775.459100   4000 233785.200000 0
16   6.50 1 247197.241600 246352.003300 247197.241600   3000 247201.961800 1 250806.275301 250218.665500 250806.275301   3500 250818.703300 1
17   2.50 1 259295.256600 258885.550900 259295.256600   3500 259302.191900 1 263435.221200 262818.937600 263435.221200   3000 263452.261100 0
18   5.50 0 274373.923200 274019.126300 274373.923200   6500 274385.810100 0 281214.141300 280902.574000 281214.141300   2500 281219.200100 0
19   2.00 1 288092.183701 287785.959300 288092.183701   5000 288102.638500 1 293882.080801 293119.493200 293882.080801   2000 293902.835600 0
20   3.50 1 301870.262500 301469.576600 301870.262500   4000 301886.284901 1 306456.251000 305902.985700 306456.251000   5500 306469.631800 0
21   2.50 1 316875.299300 316536.624600 316875.299300   3500 316886.486401 1 321184.330800 320403.251801 321184.330800   4000 321203.188200 0
22   2.50 1 330182.365400 329770.048500 330182.365400   3000 330186.688700 1 333810.357600 333203.453400 333810.357600   2500 333820.147200 0
23   2.50 1 341182.213900 340886.901300 341182.213900   7500 341186.944400 1 349203.825300 348703.691101 349203.825300   2000 349220.352400 1
24   7.00 0 360940.902100 360287.221900 360940.902100   2000 360953.863500 0 363293.383900 362970.626000 363293.383900   6000 363303.903300 0
25   4.50 0 376246.357300 375870.837700 376246.357300   6500 376254.116800 0 383468.308801 382770.942101 383468.308801   2000 383487.624600 1
--------
8 :Total Won