
trial ITIJitter choice1 rts1 stim1ons_ms choice1ons_ms jitter2 jitter2_ms state rts2 stim2ons_ms choice2ons_ms jitter3 jitter3_ms won

1   7.50 1 23535.500300 23001.927000 23535.500300   3000 23552.274800 1 26967.597001 26568.651000 26967.597001   3000 26985.328100 0
2   2.00 1 35164.622700 34052.138401 35164.622700   2000 35168.750900 1 37505.546600 37185.476800 37505.546600   3000 37518.855500 0
3   2.00 0 44930.503601 44585.706901 44930.503601   5000 44935.647700 0 50231.631400 49952.398400 50231.631400   2500 50252.373000 0
4   2.50 0 57606.559800 57319.162800 57606.559800   2000 57619.217200 1 60321.602600 59635.906100 60321.602600   2000 60335.886300 0
5   3.50 0 68239.613000 67902.674100 68239.613000   2500 68252.680900 1 71932.493001 70769.413301 71932.493001   6000 71952.721800 0
6   5.00 0 86263.564100 85019.640900 86263.564100   2500 86269.605500 0 89173.520401 88786.361600 89173.520401   2500 89186.386700 1
7   2.00 0 95763.432400 95253.142900 95763.432400   2500 95769.712600 0 98691.122700 98286.522400 98691.122700   2000 98703.223200 1
8   7.50 0 110127.411700 109769.987300 110127.411700   2000 110136.633801 0 112782.653600 112153.368500 112782.653600   5500 112786.758600 1
9   4.00 0 124229.072200 123853.631000 124229.072200   6500 124236.953500 0 131083.491900 130753.747500 131083.491900   2000 131103.742800 1
10   3.00 0 138163.627800 137670.544900 138163.627800   6500 138170.513801 0 144963.548200 144687.288300 144963.548200   4500 144970.614300 0
11   4.50 0 156427.609800 156037.478100 156427.609800   7000 156437.499600 0 163821.534200 163454.413500 163821.534200   3500 163837.622400 1
12   4.00 0 173445.154700 172904.420100 173445.154700   2500 173454.426500 0 178555.178500 175971.137800 178555.178500   2000 178571.170900 0
13   2.00 0 185009.586900 184637.961200 185009.586900   7500 185021.235200 0 192833.169600 192538.068901 192833.169600   5000 192837.988700 0
14   4.00 0 204207.808900 203904.921700 204207.808900   3500 204221.635100 0 208072.563800 207738.372500 208072.563800   5000 208088.344000 0
15   5.50 0 221057.138700 220655.213100 221057.138700   2000 221071.920000 0 223670.732500 223088.554000 223670.732500   5000 223688.788200 0
16   4.00 1 235037.530100 234755.466900 235037.530100   5500 235055.464800 1 240842.651800 240572.188700 240842.651800   4000 240855.586000 1
17   6.00 1 253256.226800 252922.408500 253256.226800   2000 253272.440000 0 255846.765400 255289.128300 255846.765400   5500 255855.802400 1
18   6.50 1 269675.688000 269422.653700 269675.688000   3500 269689.367500 1 273487.483900 273206.119900 273487.483900   4500 273506.133500 0
19   4.00 0 285025.664001 284072.949400 285025.664001   2500 285039.622100 1 292375.764000 287556.321400 292375.764000   3000 292389.773100 1
20   4.00 0 301723.263000 301456.598800 301723.263000   3500 301739.922000 0 305521.222400 305256.610400 305521.222400   2000 305539.935500 0
21   2.50 1 312518.722400 312106.780900 312518.722400   2000 312523.428400 1 314865.904400 314540.126600 314865.904400   2000 314873.511700 1
22   5.50 1 325466.567400 324440.298100 325466.567400   2000 325473.635400 1 327859.693700 327490.295500 327859.693700   6000 327873.648400 1
23   5.00 1 341376.281700 340957.209000 341376.281700   2000 341390.563900 0 349106.860900 343407.246600 349106.860900   4500 349124.013900 1
24   5.00 1 360841.681800 360190.832400 360841.681800   2000 360857.503400 1 363198.628700 362874.272700 363198.628700   5500 363207.523400 1
25   2.50 1 373605.856600 373274.422101 373605.856600   2500 373624.417300 1 376615.387000 376141.129300 376615.387000   3500 376624.428300 1
--------
13 :Total Won