
trial ITIJitter choice1 rts1 stim1ons_ms choice1ons_ms jitter2 jitter2_ms state rts2 stim2ons_ms choice2ons_ms jitter3 jitter3_ms won

1   5.00 0 21870.736200 19993.558600 21870.736200   4000 21893.858900 1 26247.320600 25910.296900 26247.320600   3000 26260.329200 1
2   2.00 1 33957.812500 33327.129000 33957.812500   2500 33977.071600 0 36761.377200 36493.770500 36761.377200   2500 36777.128800 0
3   2.50 1 45004.376100 43843.879000 45004.376100   3000 45010.582500 0 48432.642400 48027.278900 48432.642400   7000 48443.977500 0
4   3.50 0 62113.369700 61010.807600 62113.369700   4500 62127.530200 1 67059.248000 66644.213600 67059.248000   3000 67077.569000 1
5   2.50 1 75087.762400 74644.336900 75087.762400   8000 75094.349900 0 83419.222000 83111.101000 83419.222000   3500 83427.834100 0
6   6.00 0 95460.684600 94994.631100 95460.684600   5000 95477.989400 1 101013.255200 100494.753000 101013.255200   5000 101028.046500 1
7   5.00 0 113884.672800 113094.884400 113884.672800   7000 113894.895000 1 121753.642800 120911.657900 121753.642800   2000 121761.699200 1
8   2.50 0 128912.515900 128328.469700 128912.515900   5000 128928.371100 1 134347.623600 133945.174800 134347.623600   3500 134361.861600 0
9   3.00 0 143503.529400 142928.671100 143503.529400   3500 143511.986600 1 147774.591300 147028.698600 147774.591300   3000 147795.369800 1
10   2.50 1 155831.568200 155362.178200 155831.568200   2000 155845.530700 1 158552.497100 157862.189300 158552.497100   4500 158562.196800 1
11   2.00 1 167522.143200 167129.054500 167522.143200   4500 167528.995600 1 172457.448400 172045.731100 172457.448400   5000 172462.410500 1
12   5.50 1 185644.606000 185029.248600 185644.606000   3500 185662.600400 0 189727.712100 189179.352800 189727.712100   2000 189746.000500 0
13   4.50 1 198664.465100 198312.771300 198664.465100   2000 198679.465700 0 201314.676800 200696.136500 201314.676800   4000 201329.499000 1
14   2.50 1 209898.606900 209396.237800 209898.606900   5000 209912.939700 0 215252.531400 214929.706400 215252.531400   2000 215262.959500 1
15   8.00 1 227986.333400 226829.894000 227986.333400   3500 227996.536500 0 231763.562000 231513.241600 231763.562000   3000 231779.917700 0
16   3.00 0 240207.445700 239846.754100 240207.445700   2500 240213.380000 1 243022.090800 242730.075700 243022.090800   4500 243030.118800 0
17   2.00 1 252077.519300 251596.865100 252077.519300   3500 252096.880700 0 255971.525000 255613.596800 255971.525000   6000 255980.307600 1
18   3.00 1 268175.424200 266580.457200 268175.424200   5000 268180.481100 0 273658.020600 273197.203100 273658.020600   5000 273680.491400 0
19   3.50 1 285074.216100 284247.336200 285074.216100   2500 285080.684900 0 288188.348100 287597.397600 288188.348100   2500 288197.394300 1
20   2.50 1 295475.007300 294764.196300 295475.007300   7000 295480.849500 0 302936.228500 302497.602700 302936.228500   2000 302947.604700 1
21   4.00 1 311115.313600 310514.361000 311115.313600   3500 311131.062800 1 315023.544200 314647.804400 315023.544200   4000 315031.119400 0
22   3.00 1 324738.436000 324097.936000 324738.436000   5500 324747.937400 0 331612.600600 330264.647100 331612.600600   4000 331631.319400 0
23   4.50 0 342645.579000 342198.348500 342645.579000   3500 342664.839200 1 346555.371900 346181.569000 346555.371900   2000 346564.882000 0
24   2.50 0 355614.295200 353131.666300 355614.295200   4000 355631.756600 1 360104.260800 359648.431100 360104.260800   2000 360115.088500 0
25   5.00 1 369578.300900 369181.904000 369578.300900   5500 369598.546100 0 375434.326400 375115.329800 375434.326400   2000 375448.648600 1
--------
13 :Total Won