
trial ITIJitter choice1 rts1 stim1ons_ms choice1ons_ms jitter2 jitter2_ms state rts2 stim2ons_ms choice2ons_ms jitter3 jitter3_ms won

1   3.00 0 32554.259800 30978.039600 32554.259800   3500 32578.063400 1 36833.117800 36094.765200 36833.117800   3500 36844.838700 1
2   2.00 0 44701.038100 44411.552900 44701.038100   2000 44711.547700 1 47350.122700 46728.256300 47350.122700   4500 47361.619300 0
3   4.00 0 58215.193000 57928.415700 58215.193000   3000 58228.463900 1 61594.289100 61245.201900 61594.289100   4000 61611.926400 1
4   6.00 1 74003.178700 73678.617600 74003.178700   4000 74012.009800 0 78334.090500 78028.695200 78334.090500   3000 78345.375800 0
5   2.00 0 85759.188000 85412.171700 85759.188000   4000 85778.848100 1 90060.675800 89795.538700 90060.675800   3500 90078.876900 1
6   3.00 1 99019.136100 98645.658900 99019.136100   4000 99029.032500 0 103307.907900 103045.714200 103307.907900   4000 103312.400600 0
7   2.50 0 112138.998800 111879.165000 112138.998800   6000 112145.920700 1 118381.582600 118162.611600 118381.582600   5500 118395.968100 1
8   8.00 1 134311.287800 133962.846100 134311.287800   3000 134329.523500 0 137439.074800 137346.358800 137439.074800   8000 137446.250100 0
9   7.00 0 154864.575900 154513.150300 154864.575900   3500 154879.806600 0 159185.041800 158396.529600 159185.041800   3000 159196.496800 0
10   2.50 1 167106.043100 166763.262700 167106.043100   5500 167113.356400 0 173133.102900 172630.148200 173133.102900   4000 173146.727600 0
11   2.50 1 183748.907000 181713.517500 183748.907000   5000 183763.541700 0 189158.503700 188780.345800 189158.503700   3500 189180.386000 0
12   6.00 1 201862.009800 200747.145900 201862.009800   5500 201880.530000 0 207716.330100 207397.263200 207716.330100   2000 207730.563200 0
13   6.00 0 218100.405100 217797.578600 218100.405100   2000 218114.055400 1 220483.943500 220130.763600 220483.943500   7000 220497.420600 1
14   2.50 0 232473.906500 232064.286900 232473.906500   3000 232480.898800 1 235833.863100 235497.602200 235833.863100   2000 235847.637000 1
15   2.50 0 242867.074800 242414.414400 242867.074800   2500 242881.069600 1 245683.458200 245397.777100 245683.458200   3000 245697.802000 1
16   2.00 0 253041.001300 252764.547200 253041.001300   4000 253047.856000 1 257362.939100 257064.620900 257362.939100   5000 257381.330400 1
17   7.50 0 272307.836300 271948.165700 272307.836300   4500 272314.791600 0 277364.711100 276831.550900 277364.711100   3500 277381.589700 0
18   7.00 1 289966.731000 289948.404400 289966.731000   5000 289981.738500 1 295633.856400 294998.487100 295633.856400   3000 295648.489600 0
19   5.00 0 307953.664900 305715.323000 307953.664900   3500 307965.325400 0 311829.582400 311482.066100 311829.582400   2000 311848.738900 0
20   2.50 1 319004.744900 318415.491200 319004.744900   8000 319015.484100 0 327470.241300 327032.266800 327470.241300   4500 327482.256500 1
21   7.50 1 341506.173500 341049.128400 341506.173500   2000 341515.832100 0 343885.728600 343532.503100 343885.728600   4500 343899.197500 1
22   4.50 1 355608.260400 354499.394500 355608.260400   4000 355616.019400 0 360138.725500 359632.725900 360138.725500   4000 360149.441900 0
23   3.50 0 370676.614600 369716.225100 370676.614600   2000 370682.973500 1 373063.565000 372699.617600 373063.565000   3000 373082.921700 0
24   4.50 1 382995.655200 382649.761300 382995.655200   3000 382999.739900 0 386315.586600 386016.455000 386315.586600   5000 386333.134300 1
25   2.50 1 395800.648600 395399.975200 395800.648600   2000 395816.584800 0 398258.632100 397833.287500 398258.632100   5500 398266.621600 0
--------
11 :Total Won