
trial ITIJitter choice1 rts1 stim1ons_ms choice1ons_ms jitter2 jitter2_ms state rts2 stim2ons_ms choice2ons_ms jitter3 jitter3_ms won

1   4.50 1 22010.529400 21501.274000 22010.529400   2500 22034.953100 0 25108.439300 24551.322800 25108.439300   2500 25117.994600 1
2   2.00 1 31697.536800 31184.775100 31697.536800   2000 31701.419500 0 34063.302300 33718.195000 34063.302300   2000 34068.123300 1
3   2.50 1 40431.577900 40134.878700 40431.577900   4000 40451.552300 0 44891.307400 44468.269300 44891.307400   3000 44901.600100 1
4   2.50 1 52358.107500 51968.407000 52358.107500   2500 52368.394000 0 55208.534400 54885.090000 55208.534400   5000 55218.842917 1
5   2.00 1 64252.020800 63785.208600 64252.020800   7000 64268.565000 0 71747.998600 71285.399400 71747.998600   2500 71768.641200 1
6   6.00 1 82453.440600 81835.464700 82453.440600   2000 82468.805700 0 84964.015700 84485.525700 84964.015700   2000 84968.836500 1
7   3.50 1 92311.985900 92035.642800 92311.985900   2500 92318.958000 0 95158.485800 94835.651600 95158.485800   2500 95169.001200 0
8   2.00 0 102096.312600 101735.804500 102096.312600   2500 102102.426700 0 105172.501100 104619.161800 105172.501100   4000 105185.808700 1
9   2.00 0 113519.270800 112752.636500 113519.270800   3000 113535.926500 0 116810.293700 116552.641600 116810.293700   3000 116819.305500 1
10   4.50 0 126388.404000 125886.140800 126388.404000   3500 126402.761100 1 130551.381200 129919.486700 130551.381200   8000 130569.526100 0
11   2.50 1 143703.350600 143136.366100 143703.350600   4500 143719.753900 1 148940.186900 148236.404000 148940.186900   6000 148953.106700 0
12   3.50 1 160863.502100 160519.969200 160863.502100   7000 160869.944600 0 168203.313600 167886.700500 168203.313600   3000 168220.076800 0
13   3.50 0 177145.299300 176786.895400 177145.299300   2000 177153.539900 1 179707.925100 179170.210400 179707.925100   5500 179720.234100 0
14   2.00 0 189649.844500 189287.034200 189649.844500   3500 189670.342000 0 193513.398200 193187.101100 193513.398200   2500 193520.422700 0
15   6.50 1 205124.315900 204587.257400 205124.315900   2000 205137.205100 0 207637.377100 207153.957500 207637.377100   4000 207653.945300 1
16   2.50 1 216166.231900 215720.766400 216166.231900   3000 216170.743700 0 219449.240400 219187.439500 219449.240400   6500 219454.120900 0
17   2.50 1 231188.826000 230520.950200 231188.826000   2500 231204.285900 0 234251.249300 233720.988600 234251.249300   7500 234270.997200 0
18   5.00 1 249195.305200 248837.884800 249195.305200   7000 249204.539800 1 256703.223500 256221.346800 256703.223500   4000 256721.362900 1
19   6.50 0 270597.250400 269321.546900 270597.250400   5000 270604.884700 0 275935.249500 275621.620000 275935.249500   4500 275954.949300 0
20   4.50 1 287303.202700 287021.733200 287303.202700   6000 287321.765400 0 294101.269400 293338.498200 294101.269400   2000 294121.900000 0
21   3.00 1 302381.628000 301188.631100 302381.628000   4500 302388.606600 0 307621.685200 306905.356900 307621.685200   6000 307638.714700 0
22   4.50 1 321882.627400 320205.566800 321882.627400   5000 321888.940200 1 327210.116200 326905.655500 327210.116200   2500 327222.352800 1
23   2.00 1 334533.197100 333789.120200 334533.197100   3500 334539.173000 1 338647.980600 338055.835900 338647.980600   7500 338655.857600 1
24   2.50 1 351004.055900 350722.687200 351004.055900   5500 351022.676900 0 359715.036800 356539.429500 359715.036800   3500 359722.830300 0
25   2.50 1 368157.038100 367789.658700 368157.038100   8000 368172.918100 0 376686.030000 376189.783900 376686.030000   5500 376706.371700 0
--------
12 :Total Won