
trial ITIJitter choice1 rts1 stim1ons_ms choice1ons_ms jitter2 jitter2_ms state rts2 stim2ons_ms choice2ons_ms jitter3 jitter3_ms won

1   3.00 1 19715.892600 19364.169500 19715.892600   2000 19731.264629 0 22103.868300 21747.921880 22103.868300   5000 22114.169100 1
2   3.00 1 31887.689700 31697.659900 31887.689700   6000 31898.103115 0 38206.958500 37914.396100 38206.958500   2500 38214.410100 0
3   5.50 1 48637.835800 48281.240900 48637.835800   5000 48647.919600 0 54028.878200 53664.656000 54028.878200   3000 54047.963500 1
4   2.50 0 61489.677400 61114.766500 61489.677400   8000 61498.064900 0 69815.615600 69514.884200 69815.615600   2500 69831.601000 0
5   2.50 1 77158.292000 76898.299600 77158.292000   2500 77164.968000 0 79939.836300 79681.658700 79939.836300   3000 79948.349100 1
6   4.00 1 88778.810300 88515.121300 88778.810300   3000 88798.488600 0 92023.870300 91815.187500 92023.870300   2000 92031.839800 0
7   3.00 1 99451.772400 99098.594400 99451.772400   3000 99465.295000 0 102736.807200 102482.027600 102736.807200   3500 102749.142005 0
8   3.50 0 112177.216500 111815.476600 112177.216500   3000 112182.149400 1 115781.727300 115198.843000 115781.727300   5500 115798.873100 1
9   3.00 1 126664.247400 126365.647800 126664.247400   5000 126682.350300 0 131953.649300 131699.078000 131953.649300   5000 131965.750000 0
10   5.50 0 145777.657800 144532.656600 145777.657800   4500 145782.608200 1 150726.696000 150299.347900 150726.696000   4500 150732.681700 1
11   2.50 1 160115.643800 159799.514300 160115.643800   3500 160132.815600 0 163975.256300 163649.550500 163975.256300   2500 163982.852200 0
12   2.50 0 172168.541400 171049.656500 172168.541400   7500 172182.948000 0 180129.601600 179699.770800 180129.601600   2000 180149.781600 1
13   5.00 1 189133.614400 188716.583800 189133.614400   3500 189149.909900 0 193170.200200 192666.622200 193170.200200   7500 193183.305200 1
14   4.50 0 207109.543200 206750.137400 207109.543200   6500 207116.798000 1 214006.626900 213633.599000 214006.626900   3500 214016.923900 0
15   3.50 1 223404.546000 223083.758300 223404.546000   5000 223417.066300 0 228686.496300 228433.817800 228686.496300   3500 228700.498300 0
16   3.50 1 239225.544900 237767.298900 239225.544900   2500 239233.946900 0 242616.567200 241750.688500 242616.567200   2000 242634.003300 0
17   6.50 0 253489.510900 253200.834300 253489.510900   7000 253500.800500 0 261066.545900 260517.602300 261066.545900   3000 261084.315300 1
18   2.50 1 269149.609400 268151.046900 269149.609400   4000 269167.746300 1 273743.440800 273184.459000 273743.440800   3000 273751.105900 0
19   2.00 0 282399.418900 280817.885100 282399.418900   4000 282417.916600 1 287494.107100 286434.660400 287494.107100   2000 287501.309700 1
20   7.50 1 300302.178800 299068.108000 300302.178800   4500 300318.215500 0 305278.396200 304834.922400 305278.396200   5000 305284.892400 0
21   2.50 0 315244.005400 314851.751400 315244.005400   5500 315251.714300 1 321055.606900 320768.445700 321055.606900   7000 321068.531100 0
22   3.00 0 333592.321300 333135.315800 333592.321300   2500 333601.966400 1 336691.449400 336118.709200 336691.449400   4500 336702.054300 0
23   4.50 1 348100.920500 347768.821800 348100.920500   2500 348118.820300 1 351285.953300 350635.586000 351285.953300   2000 351302.281200 0
24   2.00 1 358327.441800 357369.103900 358327.441800   8000 358335.698000 0 366601.897200 366352.445400 366601.897200   2000 366619.116500 1
25   4.00 0 375947.320400 374235.853600 375947.320400   2500 375952.591200 1 378977.417600 378469.294600 378977.417600   6000 378985.985300 1
--------
11 :Total Won