
trial ITIJitter choice1 rts1 stim1ons_ms choice1ons_ms jitter2 jitter2_ms state rts2 stim2ons_ms choice2ons_ms jitter3 jitter3_ms won

1   4.00 1 21207.791700 20857.728800 21207.791700   5500 21224.876654 0 27121.522900 26757.783600 27121.522900   2500 27141.129500 0
2   2.50 0 34714.417700 34207.922600 34714.417700   3500 34724.680800 0 38678.121800 38241.345800 38678.121800   4000 38691.307800 1
3   2.00 0 46749.608300 46258.094500 46749.608300   5500 46758.106100 1 52906.467000 52274.861700 52906.467000   4000 52924.880400 0
4   4.50 0 63886.100200 63491.717300 63886.100200   2500 63891.679300 1 67024.736000 66408.369300 67024.736000   3500 67041.734000 0
5   3.50 1 76396.103200 76108.527100 76396.103200   4500 76408.533500 0 81158.658700 80925.264500 81158.658700   5000 81175.294800 1
6   2.00 1 90056.999200 89742.069600 90056.999200   4500 90075.411500 1 95278.505000 94592.131400 95278.505000   4500 95292.153500 0
7   3.00 1 105114.075900 104858.982600 105114.075900   5000 105125.610600 0 110359.999500 110142.409300 110359.999500   2000 110375.687500 1
8   2.00 0 116399.614100 115942.445400 116399.614100   4500 116409.100600 1 121359.943500 120925.839600 121359.943500   2500 121375.839200 0
9   3.00 1 129186.473500 128942.622800 129186.473500   4000 129192.645700 0 133448.484800 133209.355400 133448.484800   5000 133459.394200 0
10   6.00 1 146858.245900 146526.238600 146858.245900   2000 146876.232700 1 149614.542900 148892.973900 149614.542900   6500 149626.245300 0
11   4.00 1 162719.966100 162193.100300 162719.966100   2000 162726.445100 0 165051.602100 164743.138500 165051.602100   8000 165059.804000 0
12   3.50 1 179899.416000 178626.674600 179899.416000   4000 179910.007800 0 184237.330300 183926.742100 184237.330300   4500 184243.408500 1
13   2.00 1 193198.327600 192310.195900 193198.327600   3500 193210.257100 0 197067.217000 196726.927300 197067.217000   5000 197076.925300 0
14   3.00 1 207595.255700 207143.720400 207595.255700   2500 207610.435100 0 210408.373100 210127.097100 210408.373100   6500 210427.155300 0
15   6.50 1 225772.841800 225494.003300 225772.841800   2500 225777.348300 0 229043.364100 228294.054000 229043.364100   3000 229060.707800 0
16   5.00 0 239442.350500 239127.534800 239442.350500   2000 239460.852800 0 241967.182800 241477.567600 241967.182800   7500 241977.573100 0
17   3.00 0 255077.805200 254544.432500 255077.805200   3500 255094.436100 1 258925.236300 258611.164900 258925.236300   7500 258944.479400 1
18   6.00 0 274732.339200 274511.379100 274732.339200   3000 274744.729500 1 278286.143600 277761.422700 278286.143600   2500 278294.686500 1
19   4.00 0 287276.171600 286861.589300 287276.171600   3000 287294.884500 1 291057.241900 290311.597500 291057.241900   3500 291078.271000 1
20   3.50 0 300474.199400 300145.038100 300474.199400   5500 300478.430300 1 306467.084200 305995.156200 306467.084200   5500 306478.498100 1
21   5.00 0 319349.154800 319045.352100 319349.154800   3500 319362.040700 1 323158.086100 322878.720800 323158.086100   4500 323178.768600 1
22   5.00 0 335046.076900 334745.563500 335046.076900   2000 335062.267000 1 337524.136300 337079.011600 337524.136300   3000 337528.953400 1
23   2.50 0 345510.675600 345129.103200 345510.675600   3000 345529.050900 1 348944.205500 348545.758900 348944.205500   3500 348962.437400 1
24   6.50 0 361504.963700 361029.268800 361504.963700   8000 361512.637800 1 369781.080400 369529.404400 369781.080400   5000 369796.073200 0
25   3.00 1 380124.985800 379862.927200 380124.985800   6000 380129.562700 0 386508.286500 386146.307900 386508.286500   4000 386512.976300 0
--------
11 :Total Won