
trial ITIJitter choice1 rts1 stim1ons_ms choice1ons_ms jitter2 jitter2_ms state rts2 stim2ons_ms choice2ons_ms jitter3 jitter3_ms won

1   3.50 1 21888.284300 21673.407500 21888.284300   3000 21907.162100 0 25209.806200 24940.086800 25209.806200   2000 25223.444800 0
2   2.00 1 31600.281600 31290.228400 31600.281600   4000 31606.877200 0 35877.386800 35623.596300 35877.386800   3000 35890.271900 0
3   3.00 0 44389.709400 43957.060300 44389.709400   3500 44407.074100 1 48181.166400 47923.796900 48181.166400   5000 48190.441600 1
4   2.50 0 58183.250800 57757.285200 58183.250800   3000 58190.605100 1 61839.764300 61207.296900 61839.764300   6500 61857.294400 1
5   3.50 0 74375.750300 73924.160300 74375.750300   3500 74390.822600 0 78621.757000 77907.539000 78621.757000   4500 78640.893000 0
6   5.50 0 91124.039800 90707.734100 91124.039800   3500 91141.165400 1 95017.173600 94657.778000 95017.173600   3000 95024.461000 1
7   2.00 0 102459.048900 102091.212000 102459.048900   3000 102474.563200 1 105713.731400 105491.295100 105713.731400   3000 105724.600300 1
8   4.50 0 115723.106700 115291.386700 115723.106700   4000 115741.436900 1 120202.109000 119758.138000 120202.109000   4500 120208.142000 1
9   6.50 0 133844.135800 133275.008200 133844.135800   2000 133858.354700 1 136218.643800 135875.034300 136218.643800   8000 136225.074100 0
10   4.00 1 150613.196300 150291.921500 150613.196300   3500 150625.254100 0 154444.959000 154141.971200 154444.959000   3000 154458.669700 1
11   7.50 1 166885.972100 166525.490900 166885.972100   2000 166892.177300 1 170293.911700 168908.838200 170293.911700   4500 170308.872400 1
12   2.50 1 179791.109600 179375.653700 179791.109600   3500 179809.004300 0 183637.872900 183325.739900 183637.872900   2000 183642.406000 0
13   8.00 1 197355.150600 195709.207000 197355.150600   3500 197359.256600 0 201212.000700 200875.975200 201212.000700   5500 201225.979500 0
14   4.00 0 213150.523700 212792.813500 213150.523700   5500 213159.484000 0 219135.115000 218676.241600 219135.115000   5500 219142.899900 0
15   3.50 1 230596.984600 230209.761000 230596.984600   7500 230609.727800 0 238389.823000 238126.526500 238389.823000   2000 238409.809100 1
16   3.00 1 245679.811800 244976.595100 245679.811800   5000 245693.264900 0 251259.998200 250710.031800 251259.998200   3000 251276.700300 1
17   2.50 1 258916.441600 258343.482600 258916.441600   7000 258926.817700 0 266199.428900 265943.572900 266199.428900   4000 266210.218200 1
18   2.50 1 274802.845300 274310.379400 274802.845300   4500 274810.366600 0 279572.801800 279327.091700 279572.801800   2000 279593.774300 1
19   7.00 1 290525.887000 290160.613500 290525.887000   5000 290543.952100 0 295761.819200 295560.670300 295761.819200   2500 295777.317600 1
20   4.00 1 304181.380800 303844.116300 304181.380800   2000 304194.089600 0 306492.410400 306210.821600 306492.410400   2000 306510.800900 0
21   2.00 0 312829.870300 312577.562500 312829.870300   3000 312844.223600 1 316120.673800 315860.962800 316120.673800   2500 316127.711800 0
22   7.00 1 328667.785800 327694.483500 328667.785800   2500 328677.808800 0 331445.952500 331194.497600 331445.952500   2500 331461.181300 0
23   2.50 1 338791.628500 338527.955100 338791.628500   7500 338811.306300 0 346712.729300 346328.058900 346712.729300   3000 346728.063100 0
24   3.50 0 355928.352400 355294.878600 355928.352400   3500 355944.852700 1 359828.835300 359461.552300 359828.835300   4500 359844.954500 0
25   3.00 0 369855.609300 369411.745600 369855.609300   3000 369861.731000 1 373189.670900 372878.434500 373189.670900   3000 373195.113000 0
--------
12 :Total Won