
trial ITIJitter choice1 rts1 stim1ons_ms choice1ons_ms jitter2 jitter2_ms state rts2 stim2ons_ms choice2ons_ms jitter3 jitter3_ms won

1   6.50 1 22899.621900 21388.783000 22899.621900   2500 22922.467600 0 25809.266200 25438.855200 25809.266200   4000 25822.180700 0
2   3.00 0 35572.310500 34888.960300 35572.310500   3500 35588.956000 1 39482.675200 39105.706100 39482.675200   3500 39489.165200 1
3   4.00 0 49438.137900 49055.833200 49438.137900   8000 49455.865900 0 58376.732000 57472.652800 58376.732000   3000 58389.324200 1
4   4.50 0 67885.765900 67456.109400 67885.765900   3000 67906.123100 1 71954.593200 70922.830000 71954.593200   5000 71972.854100 1
5   6.50 0 86022.165500 85539.768200 86022.165500   5500 86039.700500 1 92296.503200 91556.485400 92296.503200   2000 92306.528200 1
6   2.50 0 99688.628400 98873.226100 99688.628400   4500 99706.560100 1 104770.089100 104223.321900 104770.089100   4500 104790.044600 0
7   3.00 0 115891.486000 114356.786000 115891.486000   2500 115906.844400 1 119054.600900 118423.594000 119054.600900   4000 119073.545300 1
8   4.50 1 129931.573900 129640.375500 129931.573900   6500 129940.340900 0 136802.525700 136457.108400 136802.525700   4500 136807.105800 0
9   2.00 0 145719.435400 145373.898100 145719.435400   2000 145723.906000 0 148292.487800 147740.625500 148292.487800   4000 148307.550800 0
10   2.00 0 157167.463600 156374.078700 157167.463600   2000 157174.015500 1 159572.011700 159190.768400 159572.011700   6000 159590.770800 1
11   3.00 0 171126.500200 170657.596200 171126.500200   3000 171140.957100 0 174861.647600 174157.648900 174861.647600   3000 174874.299300 0
12   3.50 0 184885.021200 183441.108700 184885.021200   3000 184891.141000 1 189167.449200 187907.879000 189167.449200   4500 189174.538100 0
13   2.50 1 198595.515700 198241.327200 198595.515700   6000 198607.994900 0 204979.546100 204624.723300 204979.546100   2000 204991.469300 0
14   2.00 0 211558.964100 211058.241100 211558.964100   2000 211574.904600 1 214208.595500 213591.556600 214208.595500   2500 214224.886300 1
15   3.50 0 222943.334500 222291.699300 222943.334500   4500 222958.335200 1 227825.363900 227475.078400 227825.363900   2500 227841.752200 0
16   2.50 0 235528.344600 234908.525400 235528.344600   4000 235541.873800 1 240130.348000 239558.586600 240130.348000   7500 240141.921800 0
17   2.50 1 252998.249100 252208.768000 252998.249100   7000 253008.777600 1 260687.934400 260025.553900 260687.934400   5500 260708.878300 1
18   5.50 1 274089.895800 273775.745100 274089.895800   3000 274109.082700 0 277607.417800 277125.785700 277607.417800   3500 277625.821000 1
19   2.00 1 286323.886400 284692.553600 286323.886400   7500 286342.585600 0 294402.459400 293859.372900 294402.459400   3000 294409.368300 1
20   5.50 1 305812.285100 304509.515500 305812.285100   3500 305826.229600 0 309798.506600 309342.922400 309798.506600   5000 309809.596300 1
21   2.50 1 320013.249200 318876.347000 320013.249200   2000 320026.414300 0 322639.827200 322043.100300 322639.827200   2500 322659.777000 0
22   8.00 0 336058.169200 335226.630600 336058.169200   3500 336076.695000 1 339956.206500 339593.410200 339956.206500   4500 339976.696300 0
23   4.00 0 351690.401500 350543.554900 351690.401500   6500 351710.219100 1 358839.238000 358226.958200 358839.238000   2000 358843.618300 0
24   6.00 1 369342.748700 368910.465500 369342.748700   2000 369360.459400 0 371710.061400 371377.147700 371710.061400   2500 371727.132100 1
25   2.00 1 378190.252300 377793.941500 378190.252300   4000 378210.600100 0 382543.242100 382227.278900 382543.242100   5000 382560.643000 1
--------
13 :Total Won