
trial ITIJitter choice1 rts1 stim1ons_ms choice1ons_ms jitter2 jitter2_ms state rts2 stim2ons_ms choice2ons_ms jitter3 jitter3_ms won

trial ITIJitter choice1 rts1 stim1ons_ms choice1ons_ms jitter2 jitter2_ms state rts2 stim2ons_ms choice2ons_ms jitter3 jitter3_ms won

1   6.50 0 90896.241600 87455.343100 90896.241600   3500 90922.004600 1 129173.752200 94455.353500 129173.752200   5500 129189.339300 0
2   2.00 1 140138.992800 138756.454663 140138.992800   5500 140156.011900 0 147521.494900 145672.736200 147521.494900   2500 147539.477200 1
3   2.50 0 155563.877900 154106.221800 155563.877900   5000 155573.242300 1 161376.540200 160589.646500 161376.540200   3500 161389.671000 0
4   6.50 1 174661.935300 173456.482600 174661.935300   3000 174673.201000 0 178346.977400 177689.925500 178346.977400   2000 178356.563300 1
5   2.50 0 185425.846100 184423.314100 185425.846100   5000 185440.000600 1 190995.941300 190456.752100 190995.941300   2000 191006.730200 1
6   2.00 1 198320.943800 197073.539700 198320.943800   3500 198340.189800 0 202439.956500 201856.912700 202439.956500   5000 202456.899500 0
7   6.00 1 216848.864500 215523.739800 216848.864500   2000 216857.125100 0 219465.974700 218873.829300 219465.974700   3000 219473.826600 1
8   4.00 0 229610.742600 228040.627500 229610.742600   4000 229623.978800 1 234246.975400 233640.658400 234246.975400   2000 234257.372100 0
9   5.50 1 244669.382300 243824.153400 244669.382300   5500 244674.199500 0 250496.834500 250190.914800 250496.834500   4000 250507.599900 0
10   4.00 1 261588.377100 260574.432500 261588.377100   4000 261607.787900 0 265990.307400 265624.508600 265990.307400   3000 266007.872300 1
11   4.50 1 276502.815600 275074.651800 276502.815600   4000 276507.987100 0 280887.812800 280524.719700 280887.812800   2000 280908.052300 1
12   3.00 1 287967.310200 287474.836000 287967.310200   3500 287974.848300 0 291847.919500 291491.549000 291847.919500   2500 291858.214200 1
13   7.50 1 304135.677400 303425.086100 304135.677400   6000 304141.695000 0 310518.261100 310158.529900 310518.261100   2000 310525.123100 1
14   3.00 1 317560.708300 317091.915200 317560.708300   5000 317575.250900 1 323478.657600 322592.000200 323478.657600   3500 323492.029000 0
15   5.00 1 334969.748800 334058.893900 334969.748800   4000 334975.499600 0 339313.239400 338992.216600 339313.239400   2000 339325.567900 1
16   7.00 1 350408.560000 349892.428600 350408.560000   4000 350425.720800 1 355047.591400 354442.440300 355047.591400   5500 355059.094900 0
17   7.50 1 371227.156100 370125.999100 371227.156100   2000 371242.716700 1 373929.836600 373259.569300 373929.836600   6500 373942.762500 1
18   7.00 0 390000.729500 389542.988300 390000.729500   2500 390009.622300 1 392863.134100 392526.360400 392863.134100   4000 392876.328100 0
19   2.50 1 401979.153800 401443.135600 401979.153800   5000 401993.123700 0 407314.761400 407009.871100 407314.761400   3500 407326.547700 0
20   5.50 1 418730.481600 418393.403800 418730.481600   5500 418743.367600 0 424751.512100 424260.121200 424751.512100   5500 424760.127600 0
21   3.00 0 437124.604000 435326.955000 437124.604000   2000 437143.627500 0 439894.642600 439160.401000 439894.642600   2500 439910.336900 0
22   7.50 1 452397.016500 451977.187600 452397.016500   4000 452410.554900 0 456795.091200 456427.256300 456795.091200   6000 456810.578800 0
23   5.00 0 470249.477600 469877.455600 470249.477600   4000 470260.789300 1 474704.341400 474277.527500 474704.341400   2500 474710.869400 1
24   2.00 0 481872.493400 481277.639500 481872.493400   2000 481877.575000 1 484260.469800 483894.335000 484260.469800   3000 484277.667900 1
25   2.50 0 492234.073600 491844.456000 492234.073600   6500 492244.455700 0 499934.441500 498761.184300 499934.441500   2500 499944.531300 0
--------
12 :Total Won