
trial ITIJitter choice1 rts1 stim1ons_ms choice1ons_ms jitter2 jitter2_ms state rts2 stim2ons_ms choice2ons_ms jitter3 jitter3_ms won

1   3.00 0 18939.735400 17272.529800 18939.735400   7000 18956.282400 1 26718.632800 25972.662000 26718.632800   3000 26739.332600 0
2   3.00 1 35576.709500 34806.108600 35576.709500   4000 35589.454200 1 40122.549300 39606.201100 40122.549300   3500 40139.549700 0
3   2.00 0 48601.694500 47706.377200 48601.694500   4000 48606.310200 1 53385.646400 52623.041100 53385.646400   2500 53406.363600 1
4   3.00 0 61975.620300 60973.173300 61975.620300   2000 61989.867400 0 64905.994400 64006.579200 64905.994400   2000 64923.222200 1
5   2.00 1 71463.596500 70489.981300 71463.596500   2500 71473.338300 0 74291.452400 73990.055500 74291.452400   4000 74306.678800 1
6   5.50 1 86184.043700 85373.525300 86184.043700   3000 86190.130000 0 89399.489800 89206.895400 89399.489800   2500 89406.902300 0
7   3.50 0 98584.447600 97473.688000 98584.447600   2500 98590.338500 1 101185.507300 101107.073400 101185.507300   3500 101190.417300 0
8   5.00 0 112327.473900 111757.239900 112327.473900   4000 112340.754000 1 116870.115000 116357.280700 116870.115000   6500 116890.636600 0
9   7.50 0 133443.530600 132957.581900 133443.530600   8000 133457.536400 1 142172.515300 141474.304900 142172.515300   2500 142191.000600 0
10   2.50 1 149561.386200 149257.758300 149561.386200   2000 149574.403300 1 152417.486000 151591.124700 152417.486000   3500 152424.557400 0
11   7.00 1 165428.331300 164991.285200 165428.331300   7000 165441.359300 0 172822.538200 172458.094500 172822.538200   3500 172841.423200 0
12   2.50 0 181285.427400 180908.270100 181285.427400   6000 181291.555900 1 187774.904800 187308.324500 187774.904800   2000 187791.642900 0
13   6.00 0 198229.958100 197858.460500 198229.958100   2000 198241.787400 1 201053.407000 200258.572700 201053.407000   2000 201058.444700 1
14   2.50 0 208297.374300 207625.271200 208297.374300   2500 208308.609500 1 211309.419200 210825.306300 211309.419200   6000 211325.317600 0
15   3.00 0 223102.525900 222392.157800 223102.525900   2000 223108.825600 0 225775.575500 225125.511600 225775.575500   4500 225792.184400 1
16   2.00 0 235972.232800 233859.016800 235972.232800   2500 235992.365700 1 239119.308400 238509.038400 239119.308400   3500 239125.741400 1
17   4.50 0 249922.317700 249192.518500 249922.317700   2500 249942.558300 0 252952.278300 252459.292200 252952.278300   4000 252959.248100 1
18   3.50 0 262692.423100 262026.047200 262692.423100   4000 262709.395100 1 267065.300200 266726.179600 267065.300200   3500 267076.142200 1
19   3.50 0 276375.297200 276142.916600 276375.297200   2000 276392.929400 0 278851.843000 278409.671100 278851.843000   2000 278859.631900 0
20   5.00 1 288516.838700 287926.425000 288516.838700   6000 288526.418100 0 294907.792200 294543.176500 294907.792200   2500 294926.510800 0
21   7.00 1 306957.305500 306493.362900 306957.305500   6500 306976.708600 0 313524.153800 313493.472300 313524.153800   6000 313543.434900 0
22   5.00 1 329690.273300 326610.300600 329690.273300   5000 329710.375300 0 335179.367200 334727.117800 335179.367200   4500 335193.753500 0
23   3.50 0 346287.654900 345260.564200 346287.654900   2000 346293.914600 1 348846.136100 348310.616500 348846.136100   4000 348860.634100 1
24   5.50 0 360856.732300 360427.444600 360856.732300   4500 360877.495300 0 365867.704300 365394.189700 365867.704300   4500 365877.558000 0
25   3.00 0 375868.740300 375444.350800 375868.740300   4500 375877.668500 1 380793.125900 380394.418200 380793.125900   2000 380811.105100 0
--------
9 :Total Won