
trial ITIJitter choice1 rts1 stim1ons_ms choice1ons_ms jitter2 jitter2_ms state rts2 stim2ons_ms choice2ons_ms jitter3 jitter3_ms won

1   2.50 1 17781.724100 17347.401300 17781.724100   4500 17797.836300 0 22649.470600 22330.791700 22649.470600   2000 22664.157800 1
2   3.00 1 29618.033900 29230.919500 29618.033900   4000 29630.885200 0 33950.547300 33647.654900 33950.547300   2500 33964.327200 1
3   3.00 1 41476.005300 41031.085200 41476.005300   3500 41481.093100 0 45280.463900 44997.876900 45280.463900   4500 45297.844500 1
4   6.50 1 58198.023500 57864.686700 58198.023500   3000 58214.674300 0 61527.422800 61231.368100 61527.422800   4500 61548.040800 1
5   2.00 1 70244.285200 69614.827800 70244.285200   4500 70264.829700 0 75040.946800 74781.594000 75040.946800   3500 75048.245600 1
6   2.00 1 83208.429700 82115.005200 83208.429700   2500 83214.979000 0 86156.959700 85731.730100 86156.959700   2000 86165.061700 1
7   3.50 1 93577.436800 93231.821400 93577.436800   3500 93581.870600 1 97870.502500 97098.691300 97870.502500   6000 97881.852300 0
8   4.50 0 110761.434300 110448.749600 110761.434300   5500 110765.408300 1 116521.289100 116282.164000 116521.289100   3500 116532.156000 0
9   5.50 1 127887.306200 127598.972600 127887.306200   3500 127898.964700 0 131656.455300 131415.728000 131656.455300   3000 131665.733200 1
10   2.50 1 139180.189700 138732.483500 139180.189700   2000 139199.190100 0 142849.283400 141215.846500 142849.283400   2500 142865.865900 1
11   6.50 1 153934.335300 153432.700100 153934.335300   5500 153949.374000 0 159743.317000 159466.125400 159743.317000   4000 159749.460000 1
12   4.50 1 170377.298200 169816.262800 170377.298200   5500 170382.929200 0 176194.824100 175899.679200 176194.824100   7000 176216.433600 1
13   3.50 1 189264.110000 188316.566900 189264.110000   2500 189283.192600 0 192217.358900 191799.912900 192217.358900   2000 192233.219900 1
14   2.00 1 198155.286000 197800.006500 198155.286000   3000 198166.691800 0 201463.272000 201183.387100 201463.272000   3000 201483.391600 1
15   3.00 1 209668.222600 209050.162000 209668.222600   5000 209683.480200 0 215175.736400 214700.236800 215175.736400   4500 215183.601500 1
16   5.50 1 227071.717700 226750.445000 227071.717700   7000 227083.782100 0 234617.233800 234100.691500 234617.233800   2000 234633.858200 1
17   3.50 1 242173.713400 241700.595200 242173.713400   2500 242183.970900 0 245021.100700 244700.704000 245021.100700   5000 245033.993600 0
18   3.50 0 255953.070400 255600.833800 255953.070400   7500 255967.495900 1 264005.362100 263484.281700 264005.362100   3500 264017.623200 1
19   3.50 0 273358.218000 273084.413300 273358.218000   3000 273367.778000 1 276687.726500 276384.473200 276687.726500   3500 276701.127800 1
20   2.50 0 285198.189400 284767.954400 285198.189400   3000 285217.964500 1 288663.115400 288234.655100 288663.115400   3000 288667.997200 1
21   4.00 0 298056.187800 297734.787200 298056.187800   2000 298068.105000 1 300861.066700 300084.803800 300861.066700   2500 300868.151000 0
22   2.00 1 307935.192400 307434.933800 307935.192400   3500 307951.563100 0 311807.054900 311468.295200 311807.054900   2000 311818.304900 0
23   5.00 0 321220.049900 320885.115000 321220.049900   2500 321235.142700 1 324124.271000 323751.820600 324124.271000   3500 324135.166900 0
24   3.00 0 333011.119600 332701.988400 333011.119600   2000 333018.594400 0 335982.998000 335035.296900 335982.998000   4500 336002.023400 0
25   2.50 1 345330.938600 345068.793000 345330.938600   2500 345335.454700 1 348898.544500 347852.166800 348898.544500   2000 348918.823400 1
--------
18 :Total Won