
trial ITIJitter choice1 rts1 stim1ons_ms choice1ons_ms jitter2 jitter2_ms state rts2 stim2ons_ms choice2ons_ms jitter3 jitter3_ms won

1   2.00 1 19085.722100 18676.426900 19085.722100   2000 19110.114600 0 21442.060400 21126.465900 21442.060400   5000 21459.797600 0
2   7.00 1 35944.005100 35543.341200 35944.005100   2500 35960.013900 0 39034.136800 38476.687800 39034.136800   3000 39043.413400 0
3   2.50 0 47006.057600 46610.152400 47006.057600   3000 47026.852400 1 50366.645100 50043.567100 50366.645100   3500 50376.884500 1
4   3.00 0 59540.177700 58943.696300 59540.177700   2000 59560.387600 1 61999.166600 61577.049200 61999.166600   4000 62010.376600 1
5   7.50 0 75891.104400 75577.234600 75891.104400   2000 75910.574400 1 78300.194900 77927.321300 78300.194900   3000 78310.643800 1
6   3.50 0 87450.620800 86877.424900 87450.620800   2500 87460.749700 1 90558.625500 89977.445700 90558.625500   3500 90577.457100 1
7   2.50 0 99160.894600 98644.238100 99160.894600   4000 99177.570400 1 103600.203800 103194.318900 103600.203800   2500 103611.023800 0
8   5.50 1 113950.935200 113677.829000 113950.935200   3000 113961.257700 0 117375.082600 116977.922700 117375.082600   2500 117394.530500 0
9   2.50 1 124751.563500 124461.322400 124751.563500   3000 124761.319200 0 128059.097300 127777.996500 128059.097300   3000 128077.994100 0
10   4.50 0 137960.867300 137644.825400 137960.867300   2000 137978.124700 1 140267.641000 139994.948100 140267.641000   2000 140278.168700 1
11   3.50 0 148431.966400 147844.949600 148431.966400   4500 148444.991100 0 153422.055100 152961.711300 153422.055100   3000 153428.374100 0
12   4.50 1 163282.945800 162995.193400 163282.945800   5000 163295.165100 0 168573.998700 168311.901700 168573.998700   2500 168578.573200 0
13   7.00 0 180524.885400 180145.414200 180524.885400   5000 180528.774500 1 185764.925100 185545.484400 185764.925100   2000 185778.817800 1
14   5.00 0 195228.443100 194845.662100 195228.443100   3500 195245.621600 1 199047.931000 198762.373700 199047.931000   3500 199062.367400 1
15   4.00 0 209137.844200 208629.178400 209137.844200   2500 209145.830400 1 212380.451900 211662.558700 212380.451900   4000 212395.881600 1
16   2.00 0 220856.348400 220462.638700 220856.348400   4000 220862.782500 1 225168.820600 224879.334500 225168.820600   3500 225179.388300 0
17   2.00 0 233172.401200 232746.218300 233172.401200   2000 233179.541600 1 235616.826700 235196.230500 235616.826700   6000 235629.536400 0
18   2.50 0 247098.854100 246196.349000 247098.854100   5500 247113.001600 1 252924.749600 252629.786700 252924.749600   6500 252929.806300 0
19   2.00 1 264375.830300 263496.618900 264375.830300   2500 264379.960300 0 267206.378600 266896.683700 267206.378600   4500 267213.306300 1
20   2.50 1 276142.738200 275780.123600 276142.738200   2500 276163.462000 0 279027.377900 278680.175200 279027.377900   2500 279046.857200 1
21   2.00 1 285503.767800 285146.930000 285503.767800   4500 285513.580300 1 290566.611400 290030.323000 290566.611400   2500 290580.321600 0
22   2.00 0 297602.271700 297147.098000 297602.271700   5000 297613.753700 0 303385.337600 302630.502400 303385.337600   8000 303397.164700 1
23   2.00 1 315382.832600 314964.062300 315382.832600   2000 315397.343000 0 317681.308100 317414.083900 317681.308100   4500 317697.425900 0
24   3.50 0 328046.720400 327764.200700 328046.720400   3000 328064.223400 1 331981.311700 331080.915200 331981.311700   6500 331997.582300 0
25   4.50 0 345431.617100 345064.477200 345431.617100   6000 345447.782300 1 352636.851500 351464.602800 352636.851500   4500 352647.893100 1
--------
12 :Total Won