
trial ITIJitter choice1 rts1 stim1ons_ms choice1ons_ms jitter2 jitter2_ms state rts2 stim2ons_ms choice2ons_ms jitter3 jitter3_ms won

1   2.50 1 20336.350200 19190.083400 20336.350200   7000 20357.187800 0 27768.216800 27373.535800 27768.216800   4500 27790.191300 1
2   2.00 1 36193.485600 35856.985200 36193.485600   4000 36206.989900 0 40496.864800 40223.748000 40496.864800   3500 40507.060200 1
3   3.50 1 49346.904600 49073.847800 49346.904600   4500 49373.859600 0 54128.511500 53890.580300 54128.511500   3500 54140.581100 1
4   2.00 1 61581.375400 61207.349200 61581.375400   2500 61590.700600 0 64418.759800 64107.473500 64418.759800   4500 64424.008300 1
5   4.50 1 75321.295800 74990.899000 75321.295800   6500 75340.881000 0 82189.421800 81857.653900 82189.421800   7500 82207.655800 0
6   4.00 0 96149.781900 95774.525000 96149.781900   4000 96157.830300 0 100602.221200 100174.579300 100602.221200   3500 100607.948600 1
7   2.00 0 108505.844000 107674.689300 108505.844000   2500 108524.719800 1 111704.244400 111041.413300 111704.244400   4000 111724.727800 0
8   3.50 0 122232.780100 121291.533700 122232.780100   5500 122241.582600 0 128052.810600 127758.299500 128052.810600   3000 128058.319600 1
9   5.00 0 139131.349500 137625.156000 139131.349500   3500 139141.802200 0 143065.253800 142658.521800 143065.253800   4000 143075.209500 1
10   3.00 0 152062.221200 151642.008600 152062.221200   3500 152075.344900 1 156280.746200 155592.065900 156280.746200   2000 156292.059500 0
11   4.50 1 165264.117900 164858.848400 165264.117900   5500 165275.509000 0 171137.055900 170792.265900 171137.055900   7000 171142.262600 0
12   5.50 1 186106.118200 185709.099600 186106.118200   3000 186125.835800 0 189506.727900 189142.529600 189506.727900   2000 189525.882900 1
13   3.00 1 197319.133300 196092.628300 197319.133300   4500 197325.946100 0 202177.110000 201842.712100 202177.110000   2000 202192.713600 1
14   2.00 1 208324.086000 207759.402300 208324.086000   2000 208342.806100 0 210684.004000 210359.496800 210684.004000   2500 210692.829100 1
15   4.00 1 219152.174200 218792.942000 219152.174200   2000 219159.660500 0 221489.108300 221176.334300 221489.108300   2000 221509.650700 0
16   4.50 0 230553.220200 230076.456800 230553.220200   2000 230559.799200 1 233283.978400 232576.465000 233283.978400   2500 233293.151100 1
17   5.50 0 243849.042500 243360.054600 243849.042500   5000 243859.976100 1 249153.987200 248876.720900 249153.987200   3000 249160.053100 1
18   4.00 0 258765.047500 258226.848500 258765.047500   4000 258776.854700 1 263235.192900 262793.577900 263235.192900   2000 263243.593500 1
19   8.00 0 275583.063100 275310.427900 275583.063100   2000 275593.758700 1 277935.033400 277610.507800 277935.033400   6000 277943.794300 1
20   2.00 0 288657.089000 288010.637600 288657.089000   2000 288677.212300 1 293459.871200 290694.037200 293459.871200   7000 293477.323700 1
21   4.50 0 307405.985400 307044.238400 307405.985400   2500 307410.882200 1 310835.443100 309927.581800 310835.443100   2500 310844.297700 0
22   2.50 0 318655.885400 317911.054900 318655.885400   3500 318661.040800 1 322695.960200 322177.760500 322695.960200   3500 322711.133000 1
23   2.00 0 330681.852100 330277.909500 330681.852100   2000 330694.502700 1 333239.095700 332711.253600 333239.095700   4500 333244.583100 1
24   3.50 0 343585.479800 343311.401600 343585.479800   6500 343594.743000 0 351033.813700 350111.503700 351033.813700   2000 351044.869800 0
25   7.50 1 362918.836500 362611.679300 362918.836500   3000 362928.349200 1 366500.910600 365945.011500 366500.910600   5000 366511.737900 1
--------
18 :Total Won