
trial ITIJitter choice1 rts1 stim1ons_ms choice1ons_ms jitter2 jitter2_ms state rts2 stim2ons_ms choice2ons_ms jitter3 jitter3_ms won

1   4.50 1 20400.196300 19830.295800 20400.196300   2500 20413.655400 1 23740.677500 22930.377500 23740.677500   2500 23747.011100 0
2   3.00 0 32390.671400 31313.830000 32390.671400   6500 32397.163300 0 39430.701900 38914.080700 39430.701900   2500 39447.254200 1
3   5.00 0 48940.106200 48514.017900 48940.106200   4500 48947.368100 1 54401.108200 53464.145700 54401.108200   2500 54414.072700 0
4   4.50 0 63907.556800 63480.937500 63907.556800   2500 63914.268100 0 66994.452300 66430.985900 66994.452300   2000 67014.334500 1
5   5.00 0 75948.551400 75581.080600 75948.551400   7500 75964.411200 0 84594.514900 83481.192800 84594.514900   4000 84614.580000 1
6   4.50 0 95970.636500 94681.311400 95970.636500   5000 95981.404700 0 101636.652300 100998.118700 101636.652300   6000 101648.113500 1
7   2.50 0 112254.439900 111714.942000 112254.439900   5500 112264.947200 0 118148.389100 117781.700300 118148.389100   5000 118165.039000 1
8   4.00 0 129514.396500 128731.875900 129514.396500   2000 129531.866700 1 132514.230300 131548.585000 132514.230300   4000 132531.915600 0
9   7.00 0 146107.922700 145598.756800 146107.922700   2500 146115.424100 0 149277.449100 148632.119200 149277.449100   7500 149282.085900 1
10   2.50 0 161483.585400 160848.987800 161483.585400   3000 161498.983000 0 165170.349800 164515.684800 165170.349800   3500 165182.381900 1
11   6.50 0 177273.335900 176749.222200 177273.335900   4000 177282.475500 0 181866.294900 181299.263300 181866.294900   2000 181882.592100 1
12   2.50 0 188353.308300 187949.369200 188353.308300   7000 188366.016700 0 195722.764500 195382.792400 195722.764500   3000 195732.808100 1
13   2.00 0 203032.344400 202299.553000 203032.344400   4000 203049.609100 0 207987.288200 207066.319800 207987.288200   2500 207999.626200 1
14   2.50 0 215278.329100 214599.740100 215278.329100   4000 215283.090100 1 220118.231000 219299.806100 220118.231000   3500 220133.159500 0
15   3.00 0 229012.459800 228699.942000 229012.459800   2000 229016.576100 1 231601.096600 231033.313900 231601.096600   2000 231616.560600 0
16   7.00 1 243029.857600 242683.403400 243029.857600   3500 243050.129300 1 247093.341500 246566.879200 247093.341500   2500 247100.237500 0
17   3.50 0 255454.247000 255167.022400 255454.247000   4000 255466.965800 0 259826.259000 259483.689500 259826.259000   2000 259833.703200 1
18   2.50 0 266436.319300 265900.459600 266436.319300   3500 266450.473100 0 270306.806200 269967.188600 270306.806200   3500 270317.195200 0
19   5.00 0 281229.331900 280884.034000 281229.331900   3000 281234.044300 0 285031.256600 284250.738300 285031.256600   2000 285050.745200 0
20   3.00 1 292532.213600 292117.504700 292532.213600   4500 292550.857500 1 297578.324100 297067.590200 297578.324100   2000 297584.201100 1
21   4.00 1 306743.722800 305651.018700 306743.722800   3000 306751.031900 1 310413.185000 309767.722700 310413.185000   7500 310417.755900 0
22   4.00 1 325001.161600 323984.611900 325001.161600   7000 325017.974900 1 332898.694700 332034.722700 332898.694700   2000 332918.103000 1
23   2.50 1 340205.283300 339484.841300 340205.283300   6000 340218.160800 1 346570.188400 346234.921700 346570.188400   4000 346584.919800 1
24   2.50 1 356064.055400 355151.733000 356064.055400   2000 356068.397300 1 358643.130400 358085.094700 358643.130400   5500 358651.776100 1
25   3.00 1 369741.081200 369218.625600 369741.081200   2000 369751.930800 1 372448.659900 371768.646100 372448.659900   3500 372468.630200 1
--------
16 :Total Won