
trial ITIJitter choice1 rts1 stim1ons_ms choice1ons_ms jitter2 jitter2_ms state rts2 stim2ons_ms choice2ons_ms jitter3 jitter3_ms won

1   7.00 1 25476.962000 25131.898000 25476.962000   3500 25498.606100 0 29619.955100 29015.301100 29619.955100   3000 29631.968500 1
2   4.50 1 39271.940000 38698.777900 39271.940000   5500 39282.125900 1 45338.948200 44798.929100 45338.948200   5500 45348.897300 1
3   7.00 0 60410.911100 59915.735000 60410.911100   2000 60415.752000 0 63081.899100 62432.583600 63081.899100   7500 63099.078200 1
4   2.50 0 75029.843100 74666.425345 75029.843100   5000 75049.308800 0 81056.955100 80066.016900 81056.955100   6500 81066.037300 0
5   2.50 0 92951.592500 92132.857800 92951.592500   4000 92966.185800 0 97649.886900 96982.911700 97649.886900   8000 97666.653200 0
6   4.50 0 112609.980400 112233.177400 112609.980400   2000 112616.472900 0 115464.850400 114633.189400 115464.850400   3000 115483.212200 0
7   4.00 1 124793.393300 124550.023900 124793.393300   2000 124800.004500 1 127461.359100 126816.664200 127461.359100   2500 127466.710200 1
8   6.00 1 138737.787400 138033.610100 138737.787400   8000 138750.195700 1 147371.759200 146766.972900 147371.759200   2000 147383.630600 1
9   2.00 0 153902.321000 153450.406600 153902.321000   2000 153917.076300 0 156842.698900 155933.780600 156842.698900   6000 156850.433700 0
10   8.00 1 173579.727600 172917.386100 173579.727600   7000 173584.039000 1 181193.723400 180600.945800 181193.723400   2000 181200.822600 1
11   2.00 1 187734.698100 187267.554100 187734.698100   3000 187750.891000 1 191481.693200 190767.611100 191481.693200   2500 191500.942300 1
12   5.00 0 201508.234000 201067.778900 201508.234000   3000 201517.727400 0 205386.554500 204534.538200 205386.554500   5500 205401.155500 1
13   5.50 1 218417.624200 217967.974700 218417.624200   7000 218434.701400 1 226019.274500 225451.444200 226019.274500   2000 226034.774300 1
14   5.00 1 235414.585000 235101.581500 235414.585000   3500 235434.911000 0 239787.421400 238951.617500 239787.421400   4500 239801.626000 1
15   6.00 1 252220.744500 251901.797500 252220.744500   2000 252235.148100 0 254939.681700 254251.868000 254939.681700   3000 254951.846700 0
16   5.00 1 265353.238300 265018.691800 265353.238300   3000 265368.672500 1 270531.195400 268385.373400 270531.195400   2000 270552.063100 1
17   2.00 1 277003.671200 276618.859300 277003.671200   2500 277018.837800 1 280325.574900 279535.535600 280325.574900   6000 280335.540400 1
18   3.50 1 292183.162100 291902.389300 292183.162100   3000 292202.342200 1 295903.528000 295219.091300 295903.528000   4500 295919.086300 0
19   6.00 1 308747.710800 308485.974900 308747.710800   2000 308752.636800 1 311179.494400 310769.278000 311179.494400   3500 311185.994200 1
20   5.50 1 322501.102400 322252.781100 322501.102400   6000 322519.534900 1 329094.073100 328536.222100 329094.073100   2000 329102.900100 1
21   5.50 1 339044.673700 338669.695500 339044.673700   4000 339053.047100 1 343799.443000 343069.791900 343799.443000   3500 343819.779600 0
22   5.00 1 354732.024400 354386.562800 354732.024400   2000 354736.608600 1 357402.586300 356753.306000 357402.586300   5000 357419.928100 0
23   2.00 1 370914.629900 366486.760800 370914.629900   5500 370920.176300 1 377026.483300 376436.877100 377026.483300   2500 377036.921800 0
24   2.00 0 384162.475100 383603.695300 384162.475100   7000 384170.380600 0 392120.993000 391187.117000 392120.993000   3500 392137.143400 1
25   2.50 1 400152.215300 399703.939300 400152.215300   5000 400170.553400 1 405767.972500 405187.362300 405767.972500   4500 405787.427800 0
--------
15 :Total Won