
trial ITIJitter choice1 rts1 stim1ons_ms choice1ons_ms jitter2 jitter2_ms state rts2 stim2ons_ms choice2ons_ms jitter3 jitter3_ms won

1   5.00 0 19808.179800 19442.706100 19808.179800   2000 19826.306800 0 22384.649600 21842.730700 22384.649600   2500 22392.760800 0
2   3.00 1 30516.645200 29959.511900 30516.645200   2500 30526.185700 0 34276.079900 33042.901100 34276.079900   2000 34292.901900 1
3   2.00 1 40196.131500 39859.678600 40196.131500   3500 40209.658100 1 44195.185700 43726.372400 44195.185700   2500 44209.716900 0
4   4.00 0 53141.901000 52776.509700 53141.901000   2500 53159.838600 0 56331.848300 55676.542500 56331.848300   2000 56343.187400 0
5   4.50 1 65421.027200 64910.022400 65421.027200   4000 65426.704000 0 69968.572100 69443.387800 69968.572100   7500 69976.750100 1
6   4.00 0 83691.537200 83043.604000 83691.537200   2500 83710.266200 0 86661.944200 86226.984000 86661.944200   2000 86677.016900 0
7   3.50 1 94622.583100 94243.838300 94622.583100   2000 94627.091200 1 97392.552000 96643.806000 97392.552000   3000 97410.488600 1
8   5.00 1 107825.995300 107477.301000 107825.995300   6000 107843.948600 1 114268.094500 113860.757700 114268.094500   3000 114277.380100 1
9   2.50 1 122183.917300 121844.153800 122183.917300   2000 122194.160200 0 124854.433900 124210.853100 124854.433900   7500 124860.885800 0
10   7.00 1 141717.916100 141427.763700 141717.916100   2000 141727.779800 1 144379.458600 143744.468300 144379.458600   3500 144394.466200 1
11   6.50 1 156951.506200 156461.302300 156951.506200   4500 156961.313900 1 161783.075000 161478.031500 161783.075000   6000 161794.704500 1
12   6.00 1 176524.008600 175861.619900 176524.008600   5500 176528.295500 1 182421.364200 182044.996500 182421.364200   2500 182428.285000 1
13   2.00 1 189561.489000 188995.134400 189561.489000   3500 189578.445700 1 193646.358800 193095.220200 193646.358800   5000 193661.838800 1
14   2.00 1 203354.679300 202728.693800 203354.679300   4000 203361.971000 1 207761.751800 207378.711200 207761.751800   3000 207778.705900 1
15   3.00 1 216488.874500 215845.495700 216488.874500   3500 216495.508700 0 221212.363600 220012.207600 221212.363600   5000 221228.886900 0
16   4.00 1 232606.925600 232295.744500 232606.925600   2000 232612.397200 1 235113.777300 234629.315300 235113.777300   2000 235129.068100 1
17   2.50 1 242190.943100 241729.272700 242190.943100   3000 242195.846900 1 245792.680900 245212.563100 245792.680900   4000 245812.637300 1
18   2.00 1 254796.851500 253879.356800 254796.851500   7000 254812.732700 0 262281.303700 261829.480500 262281.303700   4000 262296.137300 1
19   4.00 0 272183.636200 271862.956300 272183.636200   6500 272196.299000 0 279232.316800 278713.042600 279232.316800   5500 279246.388100 1
20   4.50 0 291134.834500 290813.226300 291134.834500   4500 291146.551700 0 296001.764500 295663.249300 296001.764500   3500 296013.294500 1
21   5.50 0 306929.217400 306580.168400 306929.217400   3500 306946.795800 0 310908.530500 310463.499200 310908.530500   6000 310913.489900 1
22   2.00 0 321132.706600 320480.327100 321132.706600   2500 321146.996800 0 323987.162200 323663.710100 323987.162200   2000 323997.033300 1
23   3.50 0 331418.649900 331063.791300 331418.649900   3000 331430.455700 0 335086.527000 334447.204100 335086.527000   4500 335097.231100 1
24   5.00 0 346473.684300 346163.979300 346473.684300   3000 346480.678300 0 349885.551100 349497.388900 349885.551100   2500 349897.339800 0
25   3.50 1 358863.708800 357964.153400 358863.708800   5500 358880.873800 1 364667.957200 364397.590700 364667.957200   7500 364680.979600 0
--------
17 :Total Won