
trial ITIJitter choice1 rts1 stim1ons_ms choice1ons_ms jitter2 jitter2_ms state rts2 stim2ons_ms choice2ons_ms jitter3 jitter3_ms won

1   3.50 1 18734.164800 18277.897200 18734.164800   4000 18761.226000 1 23074.871000 22777.926900 23074.871000   2000 23094.650500 0
2   3.50 1 30931.846700 30661.391500 30931.846700   2000 30944.735500 0 33375.064700 32961.433700 33375.064700   2500 33394.763800 1
3   8.00 1 45741.903700 45461.614000 45741.903700   2500 45761.663600 1 48602.943100 48278.312000 48602.943100   2500 48611.647700 1
4   2.00 1 55459.960700 55178.415100 55459.960700   2500 55478.442300 1 58291.865800 57995.103400 58291.865800   4500 58311.788300 1
5   7.50 1 72684.845100 72378.666900 72684.845100   5000 72695.367600 1 78123.488400 77712.043900 78123.488400   2000 78128.691100 1
6   5.00 1 87584.741000 87195.529200 87584.741000   4000 87595.535100 1 92083.443400 91612.266400 92083.443400   3500 92095.608600 0
7   3.00 1 100922.930500 100662.419700 100922.930500   8000 100929.067600 1 109425.889900 108945.832900 109425.889900   5000 109445.859400 1
8   3.50 0 120299.393000 120012.664100 120299.393000   6000 120312.670300 0 126687.400000 126329.424800 126687.400000   2000 126696.092100 0
9   7.50 1 138514.326100 138262.925300 138514.326100   5500 138529.601600 1 144372.666000 144046.342500 144372.666000   2500 144379.673100 1
10   5.00 0 154235.330200 153946.490500 154235.330200   2000 154246.501600 0 157621.749700 156263.206200 157621.749700   2000 157629.861600 0
11   8.00 1 170043.293800 169696.741600 170043.293800   2000 170063.453700 1 172444.338500 172080.075700 172444.338500   4500 172463.391100 1
12   4.50 1 183867.231100 183530.244600 183867.231100   3000 183880.237800 0 187322.776900 186896.957300 187322.776900   3000 187330.284300 0
13   6.50 1 199200.696300 198897.139200 199200.696300   4000 199213.806400 1 203561.712400 203230.504700 203561.712400   6500 203580.520800 1
14   7.00 1 219457.242300 219147.444700 219457.242300   5500 219464.065700 0 225334.620300 224980.825000 225334.620300   2000 225347.531800 0
15   5.50 1 235254.194900 234914.306500 235254.194900   8000 235264.299300 1 243829.219600 243281.108700 243829.219600   2000 243847.775800 1
16   8.00 0 256570.244900 255914.619000 256570.244900   7000 256581.265000 0 263935.600400 263598.062200 263935.600400   2000 263948.073100 0
17   4.50 1 272789.564700 272514.864600 272789.564700   4000 272798.188300 1 277290.131600 276814.883000 277290.131600   2000 277298.254300 0
18   2.00 0 283782.548700 283364.997600 283782.548700   5500 283798.326700 0 289824.128000 289315.076400 289824.128000   7000 289831.711800 1
19   2.50 1 301275.133500 300948.593500 301275.133500   2000 301281.916300 0 303761.589900 303298.606900 303761.589900   2000 303781.937000 1
20   6.50 1 314152.438600 313848.962500 314152.438600   8000 314165.433900 1 322486.582700 322182.211200 322486.582700   3500 322498.873600 0
21   2.00 1 330372.557500 330065.652500 330372.557500   5000 330382.320500 1 335747.677500 335399.059500 335747.677500   3500 335765.808200 1
22   6.50 0 348311.646800 347832.585400 348311.646800   3000 348315.900700 1 351767.533200 351332.598700 351767.533200   2500 351782.622100 1
23   3.50 1 360170.993400 359849.406600 360170.993400   2000 360182.754300 1 362733.487500 362199.432800 362733.487500   7000 362749.469700 0
24   3.50 1 375608.439300 375316.323100 375608.439300   2500 375616.298200 1 379689.335200 378133.004700 379689.335200   2000 379699.692800 1
25   2.50 1 386541.444400 386266.457200 386541.444400   3500 386549.833600 1 390379.603900 390066.504800 390379.603900   3500 390399.839500 1
--------
15 :Total Won