
trial ITIJitter choice1 rts1 stim1ons_ms choice1ons_ms jitter2 jitter2_ms state rts2 stim2ons_ms choice2ons_ms jitter3 jitter3_ms won

1   4.50 1 22599.982200 21895.017300 22599.982200   4000 22628.665200 0 27562.021200 26645.272200 27562.021200   6000 27578.412400 0
2   6.50 1 42479.164300 42145.307400 42479.164300   7500 42495.329600 1 50719.026400 50012.072500 50719.026400   7000 50728.703500 1
3   4.50 1 65120.517900 64295.630300 65120.517900   2500 65128.965400 1 68351.470800 67645.675200 68351.470800   7000 68362.320200 1
4   3.00 1 81025.979200 80429.217100 81025.979200   2000 81045.854500 1 83490.509100 83062.523200 83490.509100   5000 83495.884000 1
5   3.50 1 94832.864100 94062.687800 94832.864100   5000 94846.079100 0 100734.790100 99863.019900 100734.790100   2000 100746.125700 0
6   6.00 1 111269.792100 110813.003700 111269.792100   5000 111279.646500 1 116710.921400 116296.353200 116710.921400   6500 116729.687500 1
7   4.00 1 130142.925900 129296.588700 130142.925900   3500 130163.185600 1 134145.908100 133679.970700 134145.908100   4000 134163.283200 1
8   6.00 1 146470.810600 146230.119400 146470.810600   6000 146480.116200 1 152952.395000 152496.858100 152952.395000   2000 152963.540300 1
9   3.50 1 160947.759500 160530.317800 160947.759500   4500 160963.693500 1 166179.830800 165480.387700 166179.830800   4500 166197.063300 1
10   7.50 1 180787.805800 180263.926900 180787.805800   3000 180797.281500 1 184564.797200 183813.976500 184564.797200   2500 184580.684500 1
11   3.50 1 193216.538500 192647.437600 193216.538500   4000 193230.793700 1 197582.653900 197247.527200 197582.653900   7000 197597.515400 1
12   4.50 1 211964.773000 211164.374900 211964.773000   3500 211981.090500 0 216410.705700 215497.756400 216410.705700   2000 216431.164900 0
13   2.00 1 223146.799500 222497.857500 223146.799500   3000 223164.545700 1 226528.232300 226181.255600 226528.232300   3500 226547.929300 0
14   5.00 0 238315.802700 237114.753200 238315.802700   4000 238331.427300 0 242849.280500 242348.159700 242849.280500   2500 242864.876300 0
15   2.50 1 250443.641100 249931.594500 250443.641100   2500 250448.285900 0 253595.659900 252964.969300 253595.659900   2500 253614.974100 1
16   8.00 0 265967.722000 265715.158200 265967.722000   6000 265981.845100 0 272471.604900 271998.679700 272471.604900   4000 272481.911100 0
17   3.00 0 282142.726800 281548.721500 282142.726800   6000 282148.729400 0 288727.273200 288165.464000 288727.273200   2000 288732.120800 1
18   8.00 0 300884.642900 300298.998200 300884.642900   2000 300898.987200 1 303850.582800 302915.801900 303850.582800   2000 303865.695700 0
19   6.50 0 314835.149100 314432.518900 314835.149100   3000 314849.182400 0 318688.590500 317865.898000 318688.590500   6500 318699.230800 1
20   2.00 0 329367.465500 328766.050800 329367.465500   5500 329382.699900 0 335364.740900 334899.468400 335364.740900   2000 335382.807500 1
21   2.00 0 341564.684600 340949.505800 341564.684600   6000 341582.926300 0 348272.550400 347599.675100 348272.550400   6500 348282.994200 1
22   6.50 0 363459.595000 362849.852800 363459.595000   6500 363466.528600 1 370883.495500 369983.287500 370883.495500   2500 370899.982000 1
23   4.00 1 379669.450400 379466.765700 379669.450400   2500 379683.462900 1 382796.029000 382200.136900 382796.029000   5000 382816.819200 0
24   4.00 0 394124.092000 393883.623000 394124.092000   6500 394133.638300 0 401105.071600 400650.403800 401105.071600   5000 401117.080400 1
25   4.00 0 412413.629000 411683.885100 412413.629000   7500 412417.214200 0 420376.494000 419934.028000 420376.494000   5000 420384.023800 1
--------
17 :Total Won