
trial ITIJitter choice1 rts1 stim1ons_ms choice1ons_ms jitter2 jitter2_ms state rts2 stim2ons_ms choice2ons_ms jitter3 jitter3_ms won

1   2.00 1 19544.664900 19202.035400 19544.664900   4000 19569.037200 1 23978.253200 23585.405300 23978.253200   4000 23985.451800 1
2   2.00 0 32441.617800 32052.225000 32441.617800   3000 32452.189500 0 35974.620400 35468.928300 35974.620400   2500 35985.628700 0
3   2.50 0 43383.754200 43052.376300 43383.754200   2500 43402.396200 0 46464.592500 45919.080200 46464.592500   5500 46469.089400 0
4   5.00 0 59290.475100 59035.927500 59290.475100   4000 59302.581800 0 63815.608700 63319.328900 63815.608700   4500 63835.954200 0
5   7.00 1 78072.164600 77402.814700 78072.164600   5000 78086.216700 1 83515.716700 83102.956800 83515.716700   2000 83536.276300 1
6   3.00 1 90872.476300 90603.074400 90872.476300   2000 90886.413600 1 93440.756500 92903.067200 93440.756500   2000 93453.088400 1
7   5.00 1 102872.648400 102519.933900 102872.648400   3500 102886.549100 1 109547.443400 106403.283900 109547.443400   5000 109553.301100 1
8   6.00 1 122919.931700 122620.124500 122919.931700   7500 122936.777800 1 130906.433700 130453.613700 130906.433700   2000 130920.316700 1
9   2.50 1 137806.496200 137487.049100 137806.496200   2500 137820.380600 1 140968.426200 140337.073600 140968.426200   3500 140987.099900 1
10   2.00 1 148941.493400 148553.870200 148941.493400   2000 148953.870000 1 152064.532700 150970.565100 152064.532700   2500 152070.546200 0
11   2.50 0 159385.072200 159137.377400 159385.072200   4000 159404.036700 0 163965.402900 163420.751100 163965.402900   8000 163970.748400 0
12   2.50 1 177007.226100 176537.653300 177007.226100   2000 177020.909500 1 179936.429600 179037.637000 179936.429600   2500 179954.315500 1
13   3.50 0 188337.418400 188021.092400 188337.418400   4000 188354.425200 0 192921.112500 192371.140600 192921.112500   2500 192937.836200 0
14   2.00 1 199810.350700 199504.584300 199810.350700   3500 199821.318300 1 203746.198300 203337.975400 203746.198300   2500 203754.666200 0
15   5.00 0 213598.970500 213321.469400 213598.970500   5000 213604.792000 0 219038.499100 218621.521200 219038.499100   3500 219054.872500 0
16   5.50 0 230425.634300 230121.732300 230425.634300   4500 230438.331000 0 235730.344600 234955.102600 235730.344600   3500 235738.433800 0
17   5.00 0 246746.930600 246305.296700 246746.930600   2000 246755.285600 0 249261.386600 248771.933100 249261.386600   4500 249271.911300 1
18   4.00 0 259730.317100 259338.779300 259730.317100   4000 259738.775200 0 264278.409600 263755.659400 264278.409600   2000 264288.869200 1
19   3.00 0 271177.943000 270855.612700 271177.943000   3000 271188.935600 0 274763.421100 274205.642800 274763.421100   3000 274772.340100 1
20   3.50 1 283188.892500 282872.464800 283188.892500   3000 283205.802900 1 286770.196700 286222.555900 286770.196700   4000 286789.220200 0
21   6.00 0 299230.220300 298856.001600 299230.220300   2000 299239.274500 0 301696.280900 301256.035800 301696.280900   2000 301706.057200 1
22   5.00 1 310556.796100 310272.857800 310556.796100   2000 310572.836200 1 312940.751500 312589.530800 312940.751500   3000 312956.215500 1
23   4.00 1 322588.806100 322022.992400 322588.806100   2500 322606.363200 1 325543.147700 325123.053200 325543.147700   7000 325556.373700 0
24   2.00 0 336911.310500 336623.271000 336911.310500   5000 336923.229300 0 342563.730300 341939.989600 342563.730300   5500 342573.292300 1
25   2.00 1 352062.176600 351640.066100 352062.176600   3000 352073.372700 1 355701.011500 355090.182900 355701.011500   6000 355706.786700 0
--------
13 :Total Won