
trial ITIJitter choice1 rts1 stim1ons_ms choice1ons_ms jitter2 jitter2_ms state rts2 stim2ons_ms choice2ons_ms jitter3 jitter3_ms won

1   7.50 1 32210.931100 31659.248100 32210.931100   5500 32226.316600 0 38597.423000 37742.627400 38597.423000   3000 38609.341800 1
2   2.50 1 46335.987200 45676.112400 46335.987200   3000 46343.228024 1 49975.390500 49359.516100 49975.390500   2500 49992.860000 0
3   2.50 1 57328.350100 57059.633000 57328.350100   6000 57342.954300 1 64011.006200 63359.690100 64011.006200   4000 64026.364300 1
4   5.00 1 75874.297400 75093.212600 75874.297400   4500 75893.211600 1 81122.415700 80409.934900 81122.415700   5500 81126.570700 0
5   6.50 1 95533.232200 95193.476800 95533.232200   4500 95543.500600 0 100801.301100 100060.219800 100801.301100   2000 100810.259500 1
6   2.50 1 107692.861100 106876.988400 107692.861100   4000 107710.321600 1 112293.885500 111727.061900 112293.885500   2000 112310.440400 0
7   3.00 1 119697.851100 119377.175300 119697.851100   5500 119710.498400 1 125860.848500 125227.240200 125860.848500   3000 125877.275600 0
8   2.00 0 133308.159600 132943.988900 133308.159600   2000 133327.374500 0 136018.466500 135344.064900 136018.466500   4000 136027.414700 1
9   2.00 0 144129.315900 143594.147000 144129.315900   2500 144144.255900 0 147316.162800 146660.874300 147316.162800   4000 147327.527200 1
10   2.00 1 155407.150300 154894.355800 155407.150300   3000 155427.692000 1 159218.749800 158444.356100 159218.749800   6000 159227.725400 0
11   3.00 0 170567.212900 170294.573800 170567.212900   6500 170577.890400 0 178227.305800 177094.594800 178227.305800   4000 178244.669200 1
12   2.00 1 186178.070700 185811.442700 186178.070700   4000 186194.780400 0 191149.408600 190211.504700 191149.408600   4500 191161.511400 1
13   5.50 0 203029.155900 202728.364800 203029.155900   4000 203045.012300 0 208269.225900 207061.733700 208269.225900   3000 208278.415300 0
14   4.00 0 217715.737900 217345.225900 217715.737900   6000 217728.556300 0 224434.171800 223745.300600 224434.171800   7000 224445.314700 0
15   4.50 0 238387.657100 238012.195200 238387.657100   3000 238395.510400 1 241827.090800 241412.283000 241827.090800   5500 241845.559000 1
16   7.00 1 257044.680600 256412.432700 257044.680600   3000 257062.431700 1 261687.657100 260079.154600 261687.657100   7500 261695.902000 0
17   2.00 1 273705.653600 273262.663500 273705.653600   5500 273712.685000 1 279742.183000 279229.414900 279742.183000   2000 279762.767300 1
18   7.50 1 291556.986400 291329.709200 291556.986400   6000 291562.931600 0 298332.049600 297579.680900 298332.049600   3500 298346.362800 0
19   2.00 1 306249.616600 305913.156200 306249.616600   2500 306263.099000 1 309351.602600 308779.883000 309351.602600   2500 309363.171100 1
20   2.00 1 316290.585600 315963.312600 316290.585600   4500 316296.629700 1 321638.953600 320813.351300 321638.953600   2500 321646.686700 1
21   6.00 1 332497.913800 332213.530800 332497.913800   3500 332513.522200 1 337177.586100 336030.232200 337177.586100   2500 337196.918800 1
22   2.00 1 344103.004700 343763.687700 344103.004700   7500 344113.674800 0 352197.864900 351630.488900 352197.864900   2500 352213.794100 1
23   7.50 1 364090.558400 363780.595600 364090.558400   2000 364097.312900 1 367821.537900 366114.000700 367821.537900   3500 367830.709300 1
24   2.50 1 376157.077200 375897.461000 376157.077200   4500 376164.157900 1 382196.798000 380680.868400 382196.798000   4500 382214.204000 1
25   2.00 0 391160.942600 390781.006200 391160.942600   3000 391181.043400 0 398436.930200 394197.691400 398436.930200   5500 398447.839900 0
--------
15 :Total Won