
trial ITIJitter choice1 rts1 stim1ons_ms choice1ons_ms jitter2 jitter2_ms state rts2 stim2ons_ms choice2ons_ms jitter3 jitter3_ms won

1   4.50 1 20324.794300 20024.482300 20324.794300   2000 20341.427600 1 22950.773800 22357.798900 22950.773800   3000 22957.852500 0
2   2.50 0 30817.899700 30524.625800 30817.899700   3000 30824.622000 0 34239.662500 33841.329500 34239.662500   3000 34258.010000 1
3   4.00 1 43118.736300 42824.783200 43118.736300   2000 43141.460700 1 45692.854700 45158.177000 45692.854700   3000 45708.172800 0
4   3.50 1 54575.697100 54274.989700 54575.697100   2000 54591.660600 1 57072.308100 56608.353300 57072.308100   2000 57091.660500 0
5   2.50 0 64107.285600 63658.456400 64107.285600   2000 64141.751200 0 67009.754800 66158.458900 67009.754800   3500 67025.154200 1
6   3.00 1 75448.608400 75091.933400 75448.608400   5500 75458.617500 1 81600.646100 80975.507600 81600.646100   2000 81608.666200 0
7   3.00 1 89227.241200 88675.437400 89227.241200   2500 89242.124900 1 92409.782400 91758.819300 92409.782400   3000 92425.502600 1
8   7.00 0 104851.887900 104492.318300 104851.887900   4000 104858.982200 0 109456.836900 108875.735600 109456.836900   8000 109475.738600 0
9   2.00 0 122187.538700 121542.650000 122187.538700   6500 122192.601400 0 129265.190700 128709.378300 129265.190700   2000 129276.032700 0
10   7.00 0 140781.713600 140342.851200 140781.713600   7000 140792.864700 0 148391.472100 147809.612000 148391.472100   6500 148409.625300 1
11   2.50 0 159347.429700 158976.457700 159347.429700   6000 159359.776000 0 165989.815800 165376.571100 165989.815800   3000 166009.844900 0
12   3.00 0 174498.530700 174076.684800 174498.530700   4000 174509.995700 0 179218.571900 178526.741900 179218.571900   6000 179226.732600 0
13   4.50 0 192097.461400 191793.612100 192097.461400   7000 192110.250500 0 199566.712200 199127.022800 199566.712200   2000 199577.028700 1
14   2.50 0 206113.620800 205643.766600 206113.620800   5000 206127.042600 1 211746.084800 211143.852900 211746.084800   4500 211760.529400 0
15   5.00 0 223689.574400 223327.354500 223689.574400   3500 223693.989800 0 228061.401500 227210.760300 228061.401500   2000 228077.438500 1
16   6.00 0 237929.437300 237644.184900 237929.437300   5500 237944.254500 0 244025.435400 243460.984300 244025.435400   3500 244044.291600 0
17   2.50 0 252366.499200 252111.136800 252366.499200   7500 252377.799200 0 260769.536000 259894.559700 260769.536000   3000 260777.917900 1
18   3.00 1 268792.049300 268344.672500 268792.049300   2000 268811.343800 1 271349.215600 270828.043200 271349.215600   2000 271361.403800 1
19   6.50 0 282188.455400 281928.400600 282188.455400   5500 282194.866100 0 288231.546000 287711.715100 288231.546000   7000 288244.945200 0
20   3.00 1 300685.928100 300311.789300 300685.928100   6500 300695.143900 1 307790.449100 307211.895200 307790.449100   8000 307795.258000 1
21   2.50 1 320718.492800 320362.083600 320718.492800   3000 320728.747200 1 324385.373800 323745.476900 324385.373800   5000 324395.490100 1
22   8.00 0 339743.223000 339495.654900 339743.223000   8000 339762.360300 0 348503.412000 347779.129200 348503.412000   2500 348512.490700 0
23   4.50 0 357870.275800 357579.302300 357870.275800   4000 357879.258500 0 362422.106900 361896.060500 362422.106900   5000 362429.332100 1
24   2.00 0 371349.224000 370996.154400 371349.224000   2500 371362.793000 0 374570.179300 373879.449100 374570.179300   6000 374579.522700 0
25   2.50 0 385550.400300 385146.341700 385550.400300   6500 385563.003600 0 392861.209700 392079.763900 392861.209700   4500 392879.773700 0
--------
11 :Total Won