
trial ITIJitter choice1 rts1 stim1ons_ms choice1ons_ms jitter2 jitter2_ms state rts2 stim2ons_ms choice2ons_ms jitter3 jitter3_ms won

1   2.00 0 18898.279100 18659.388800 18898.279100   2500 18926.492100 0 22047.175700 21442.756800 22047.175700   3000 22059.426800 0
2   2.00 0 29462.950100 29126.190800 29462.950100   3000 29476.183600 0 33219.205800 32492.914700 33219.205800   4000 33226.276300 0
3   6.50 0 46121.725000 45793.111000 46121.725000   6500 46126.456700 0 53274.987500 52643.204100 53274.987500   2500 53293.208200 0
4   5.00 1 63466.127800 62859.995100 63466.127800   6000 63476.678200 0 70536.107000 69493.433600 70536.107000   2000 70543.453200 0
5   3.50 0 78500.618000 78110.247800 78500.618000   5000 78510.196100 1 84119.094400 83526.970400 84119.094400   7500 84127.040800 0
6   7.00 1 101085.962800 100693.905000 101085.962800   5000 101093.930800 1 107396.961100 106110.632500 107396.961100   2500 107410.666600 0
7   3.00 1 115523.535000 114977.426400 115523.535000   2000 115544.094300 1 118337.068000 117560.806500 118337.068000   7000 118344.125700 1
8   5.00 1 132833.011000 132411.080300 132833.011000   4500 132844.370700 1 138202.042400 137361.096000 138202.042400   4500 138211.079100 0
9   3.50 0 148689.003500 148277.899900 148689.003500   5500 148694.553800 0 154918.962500 154211.311300 154918.962500   4500 154927.988500 0
10   6.00 0 167820.901900 167494.776900 167820.901900   7500 167828.152000 0 176035.572400 175344.939300 176035.572400   2000 176044.950000 0
11   2.50 0 183040.951800 182611.723400 183040.951800   3500 183045.006000 0 187179.870400 186561.766300 187179.870400   3000 187195.087500 0
12   4.00 0 196572.070200 196261.941700 196572.070200   4500 196578.645400 0 202258.516600 201095.305700 202258.516600   3500 202278.646900 1
13   4.50 0 212173.027000 211845.461500 212173.027000   6000 212178.793600 0 219068.765600 218195.570000 219068.765600   3500 219078.900500 1
14   3.00 1 227642.461900 227145.670200 227642.461900   4500 227662.302200 1 233247.973900 232179.089400 233247.973900   4500 233262.531800 0
15   7.50 0 247691.866100 247329.290800 247691.866100   3500 247695.956700 1 251793.944400 251212.721700 251793.944400   3000 251812.677300 0
16   6.00 1 263171.847700 262879.528900 263171.847700   4000 263179.511300 1 268175.999100 267196.259600 268175.999100   6500 268196.260600 1
17   3.50 1 280679.755200 280263.113200 280679.755200   4500 280696.435700 1 285763.806200 285213.168500 285763.806200   2000 285780.262321 0
18   8.00 0 298154.880500 297846.714600 298154.880500   7000 298163.346200 0 306045.861800 305180.149300 306045.861800   5000 306063.483600 1
19   2.00 1 316124.276400 314630.237200 316124.276400   5000 316130.263100 1 321811.816200 321147.008000 321811.816200   2000 321830.355500 1
20   3.50 1 329714.713900 329397.178700 329714.713900   5500 329730.491400 0 335784.748200 335247.185900 335784.748200   6000 335797.220900 0
21   7.50 0 351648.265500 351364.139600 351648.265500   3500 351664.113100 1 355787.311700 355180.782300 355787.311700   5000 355797.500000 0
22   3.00 0 366216.603400 365864.356300 366216.603400   3000 366230.980100 0 370225.215800 369247.698700 370225.215800   5500 370231.045300 1
23   3.00 0 380897.268500 380297.839100 380897.268500   7000 380914.544600 1 388544.568700 387931.235600 388544.568700   2000 388564.623900 0
24   4.50 0 397512.667400 397131.431300 397512.667400   2000 397531.429800 1 400069.635600 399548.126900 400069.635600   2500 400081.470800 0
25   3.00 1 407993.538200 407648.234500 407993.538200   7500 407998.243300 1 418029.552200 415515.021900 418029.552200   2000 418048.378300 0
--------
7 :Total Won