
trial ITIJitter choice1 rts1 stim1ons_ms choice1ons_ms jitter2 jitter2_ms state rts2 stim2ons_ms choice2ons_ms jitter3 jitter3_ms won

1   6.50 1 25462.320300 25096.392200 25462.320300   3500 25480.100900 1 29309.260300 28996.454700 29309.260300   5500 29330.154800 0
2   2.00 1 39251.842800 38896.600900 39251.842800   5500 39263.294800 0 45255.807600 44780.010900 45255.807600   2500 45263.361300 1
3   2.50 0 52266.561100 51830.154900 52266.561100   5000 52280.441700 0 57654.769800 57296.903200 57654.769800   3500 57663.525600 1
4   6.50 0 69489.658300 69230.370000 69489.658300   3000 69497.026100 0 72914.752000 72513.711800 72914.752000   2000 72930.446700 1
5   2.50 0 79280.706100 78997.173600 79280.706100   5000 79297.197200 1 85073.785700 84313.907000 85073.785700   2000 85080.595600 1
6   2.00 0 91429.190600 91147.338400 91429.190600   3500 91447.394800 0 95307.434300 94964.088900 95307.434300   5000 95314.095700 1
7   6.00 1 108175.901200 107880.939000 108175.901200   2000 108197.659800 1 112885.533000 110214.277600 112885.533000   3000 112897.592100 0
8   4.00 1 122291.284200 121964.444700 122291.284200   4000 122297.775900 1 126649.667500 126314.509600 126649.667500   2000 126664.541500 0
9   5.50 1 136537.125600 136231.310600 136537.125600   5500 136547.982100 1 142365.471500 142064.731300 142365.471500   4000 142381.411200 0
10   4.00 0 152798.626800 152448.203500 152798.626800   4000 152814.909500 0 157401.547500 156831.616500 157401.547500   3000 157414.947600 1
11   4.50 1 166808.051800 166481.785200 166808.051800   4000 166815.059600 0 171254.044700 170831.837400 171254.044700   2000 171265.172200 1
12   3.00 0 178248.330800 177831.915200 178248.330800   3500 178265.189800 1 182163.358400 181781.944200 182163.358400   2500 182181.978800 1
13   7.50 0 194557.078400 194248.829800 194557.078400   6000 194565.483700 0 201133.706200 200582.245100 201133.706200   2000 201148.915400 1
14   3.00 0 208057.038500 207715.684300 208057.038500   5000 208065.665700 0 213428.025100 213082.435200 213428.025100   3500 213449.060300 1
15   5.00 0 223882.560200 223549.218100 223882.560200   4000 223899.256200 0 228512.294600 227915.949100 228512.294600   2000 228532.611800 1
16   7.00 0 239356.285500 239099.492000 239356.285500   4000 239366.122700 0 243911.934100 243382.845900 243911.934100   5500 243932.839500 0
17   7.50 0 259297.435700 258999.725300 259297.435700   2000 259316.383800 0 262074.955100 261333.115900 262074.955100   6500 262083.111100 1
18   7.00 0 277393.001100 277149.977600 277393.001100   2500 277400.163300 0 280308.401800 279916.685300 280308.401800   4000 280316.686700 0
19   2.50 1 289171.884700 288883.505800 289171.884700   5000 289183.477000 1 294738.478000 294200.237500 294738.478000   3500 294750.243000 1
20   5.50 0 306143.525100 305817.058500 306143.525100   5500 306150.397600 0 312158.288800 311667.173400 312158.288800   5500 312167.144500 0
21   3.00 1 323086.245200 322734.012000 323086.245200   2000 323100.640100 1 325481.204200 325117.341200 325481.204200   2500 325500.699000 0
22   7.50 0 337805.401000 337567.550700 337805.401000   4000 337817.512100 0 342137.237900 341834.233100 342137.237900   6000 342150.933000 0
23   5.00 1 355520.754300 355217.792500 355520.754300   4000 355534.430700 1 359845.233900 359551.126700 359845.233900   2500 359851.159600 0
24   2.00 1 366689.831400 366417.922400 366689.831400   2000 366701.262600 1 369147.164000 368717.989900 369147.164000   3000 369167.956500 1
25   2.50 1 377042.138300 376734.727100 377042.138300   6500 377051.406200 1 383911.769400 383568.151100 383911.769400   2500 383918.184800 1
--------
15 :Total Won