
trial ITIJitter choice1 rts1 stim1ons_ms choice1ons_ms jitter2 jitter2_ms state rts2 stim2ons_ms choice2ons_ms jitter3 jitter3_ms won

1   2.00 0 18828.485000 17962.473700 18828.485000   2500 18846.120200 0 22457.117300 21362.501400 22457.117300   3000 22479.186100 0
2   2.00 1 30192.564000 29546.142300 30192.564000   3000 30212.667500 1 33696.628900 33229.350900 33696.628900   4000 33712.702800 0
3   6.50 1 46620.044800 46279.565900 46620.044800   6500 46629.567400 1 53786.261700 53146.333000 53786.261700   2500 53796.319400 0
4   5.00 0 64023.542900 63363.158400 64023.542900   6000 64029.809400 0 70602.374800 70046.566100 70602.374800   2000 70613.203300 1
5   3.50 0 78150.657700 77680.031500 78150.657700   5000 78163.339900 0 83467.011500 83180.110900 83467.011500   7500 83480.091700 1
6   7.00 0 100014.346300 99546.970600 100014.346300   5000 100030.321000 0 105328.508500 105047.055800 105328.508500   2500 105347.098300 0
7   3.00 0 113768.032200 112913.888100 113768.032200   2000 113780.541900 0 116592.353800 115797.215400 116592.353800   7000 116597.233200 1
8   5.00 0 130433.337800 130164.118000 130433.337800   4500 130447.425100 0 135597.950500 134964.166800 135597.950500   4500 135614.133100 1
9   3.50 0 145846.306900 145181.019100 145846.306900   5500 145864.305500 0 151835.006400 151381.085900 151835.006400   4500 151847.742300 1
10   6.00 0 164994.528800 163914.577000 164994.528800   7500 165014.574000 0 172880.281300 172531.343800 172880.281300   2000 172898.089600 1
11   2.50 0 179468.241700 178964.780100 179468.241700   3500 179481.452400 0 183443.895300 182998.168900 183443.895300   3000 183464.849500 1
12   4.00 0 192531.347700 192031.642500 192531.347700   4500 192548.275500 0 197396.446000 197065.020200 197396.446000   3500 197415.038200 0
13   4.50 0 207770.258100 207481.911600 207770.258100   6000 207781.891900 0 214349.882400 213798.603200 214349.882400   3500 214365.288400 0
14   3.00 1 223430.386500 222932.069300 223430.386500   4500 223448.752100 1 228324.317700 227965.527900 228324.317700   4500 228332.172700 1
15   7.50 1 242636.307800 242399.023900 242636.307800   3500 242649.086500 1 246583.764700 246165.746000 246583.764700   3000 246599.037500 1
16   6.00 1 258014.807900 257665.907900 258014.807900   4000 258032.601900 1 262480.825700 262049.284700 262480.825700   6500 262499.278400 0
17   3.50 0 274850.746500 274566.141700 274850.746500   4500 274866.154100 0 279827.216100 279382.874900 279827.216100   2000 279832.885900 0
18   8.00 1 292146.203900 291899.722400 292146.203900   7000 292166.427700 1 299905.207500 299183.159800 299905.207500   5000 299916.497300 1
19   2.00 1 309644.138300 309016.631100 309644.138300   5000 309649.965200 1 315427.130200 314666.708000 315427.130200   2000 315433.388700 1
20   3.50 1 323456.116600 323000.158300 323456.116600   5500 323466.829900 1 329498.972900 329000.285100 329498.972900   6000 329516.954900 1
21   7.50 1 345533.214200 345083.860900 345533.214200   3500 345550.466800 1 349655.167600 349067.420400 349655.167600   5000 349667.222900 1
22   3.00 1 360084.027700 359734.017300 360084.027700   3000 360100.703500 1 363541.029700 363117.405200 363541.029700   5500 363550.723900 1
23   3.00 1 374592.035000 374117.535900 374592.035000   7000 374600.868800 1 381931.897300 381617.668000 381931.897300   2000 381950.995800 1
24   4.50 1 390760.043900 390517.789600 390760.043900   2000 390767.785200 1 393187.199500 392784.470400 393187.199500   2500 393201.171900 1
25   3.00 1 401041.953500 400767.962200 401041.953500   7500 401051.307600 0 409391.568500 408568.037900 409391.568500   2000 409401.390100 0
--------
16 :Total Won