
trial ITIJitter choice1 rts1 stim1ons_ms choice1ons_ms jitter2 jitter2_ms state rts2 stim2ons_ms choice2ons_ms jitter3 jitter3_ms won

1   3.00 0 17687.549800 17395.628200 17687.549800   3500 17712.754800 1 21656.068000 21229.079800 21656.068000   3500 21662.407500 0
2   5.50 1 32989.826700 32729.197800 32989.826700   3500 32995.864000 1 37091.796100 36512.599500 37091.796100   4500 37112.628100 0
3   2.50 0 46943.517300 46179.394400 46943.517300   3000 46962.730100 0 50538.801800 49979.895782 50538.801800   2500 50546.146500 1
4   3.50 1 58600.458900 58112.922800 58600.458900   4500 58612.912800 0 63546.917900 63129.640400 63546.917900   7000 63562.999000 1
5   2.50 1 74968.740000 74629.799400 74968.740000   3500 74980.258935 1 79074.010100 78496.574300 79074.010100   4500 79079.849500 0
6   3.50 1 89472.784300 89146.662200 89472.784300   2000 89480.009000 1 91829.921300 91496.752800 91829.921300   6000 91846.711400 0
7   7.00 0 107355.922700 106913.590100 107355.922700   5000 107363.613100 0 112979.949800 112380.320700 112979.949800   4000 112996.970200 1
8   4.50 1 123356.768500 123063.826100 123356.768500   2000 123363.800100 1 125753.918000 125380.606700 125753.918000   2500 125763.904300 0
9   5.00 1 135649.877900 135330.679900 135649.877900   6000 135664.005200 1 142210.692800 141680.754600 142210.692800   5500 142230.758000 1
10   5.50 0 155663.785300 155297.653200 155663.785300   3500 155680.947400 0 159729.636500 159197.680200 159729.636500   5000 159747.676400 1
11   5.00 1 171732.713700 171314.502200 171732.713700   3500 171747.842100 1 175900.600800 175264.565700 175900.600800   3500 175914.551300 0
12   4.00 1 185868.281700 185481.356800 185868.281700   5500 185881.400600 1 191717.833000 191398.265700 191717.833000   6000 191731.475400 1
13   5.50 1 205627.819400 205298.337100 205627.819400   3000 205648.360100 1 209289.281800 208665.038400 209289.281800   2000 209298.433300 0
14   7.00 0 221104.624300 220365.172300 221104.624300   4000 221115.251300 0 225722.577200 225131.941500 225722.577200   2000 225731.978900 0
15   7.50 0 237662.583900 237298.784300 237662.583900   3000 237682.159000 0 241164.784600 240698.819300 241164.784600   2500 241182.158200 0
16   2.00 1 248082.640400 247748.934500 248082.640400   2000 248098.938600 1 250442.718900 250115.625900 250442.718900   3500 250448.952800 1
17   4.00 1 260263.129500 260015.756500 260263.129500   2000 260282.476400 1 262758.588200 262299.095500 262758.588200   5500 262765.786700 1
18   6.50 1 277092.589000 276832.724100 277092.589000   4000 277099.372600 1 281439.115800 281116.096400 281439.115800   4500 281449.355100 1
19   2.00 0 290333.491800 290016.204000 290333.491800   3500 290349.521600 0 294487.691100 293866.245000 294487.691100   2500 294499.588100 0
20   5.00 1 304341.141100 304066.409200 304341.141100   3000 304349.723200 1 307785.512300 307366.445000 307785.512300   3500 307799.772300 0
21   6.00 1 319623.067400 319366.734300 319623.067400   5500 319633.303200 1 325498.604100 325150.103400 325498.604100   2500 325516.706800 1
22   7.50 0 338014.700100 337616.901800 338014.700100   4000 338033.574800 0 342491.505200 342050.262400 342491.505200   4000 342500.282600 0
23   2.50 1 351310.500600 351067.048000 351310.500600   3500 351317.069700 1 355384.614200 354833.777800 355384.614200   2500 355400.461300 1
24   3.00 1 363311.452500 362967.264500 363311.452500   6000 363317.223400 1 369642.564200 369333.986800 369642.564200   6000 369650.676000 1
25   2.00 1 380043.267400 379717.467100 380043.267400   2500 380050.805300 0 383308.376600 382567.538700 383308.376600   2500 383317.499100 0
--------
12 :Total Won