
trial ITIJitter choice1 rts1 stim1ons_ms choice1ons_ms jitter2 jitter2_ms state rts2 stim2ons_ms choice2ons_ms jitter3 jitter3_ms won

1   6.50 0 22608.289600 21822.803000 22608.289600   3500 22623.151900 1 26720.260300 26139.578800 26720.260300   5500 26739.922800 0
2   2.00 0 37143.667800 36306.403100 37143.667800   5500 37156.400500 1 43857.192000 42673.134000 43857.192000   2500 43873.105500 0
3   2.50 1 52148.588600 50939.894600 52148.588600   5000 52156.899400 0 62878.271800 57173.366400 62878.271800   3500 62890.221700 1
4   6.50 1 75767.772100 74456.968300 75767.772100   3000 75773.613700 1 82170.815300 78790.322100 82170.815300   2000 82190.422000 0
5   2.50 0 91024.728700 88757.134700 91024.728700   5000 91040.530700 1 98570.259100 96057.237200 98570.259100   2000 98590.611300 0
6   2.00 0 106220.693800 104657.405500 106220.693800   3500 106240.718300 1 112509.680500 109757.438400 112509.680500   5000 112524.148400 0
7   6.00 1 128939.687600 125591.020200 128939.687600   2000 128957.948400 0 135165.584900 130974.417100 135165.584900   3000 135174.478100 1
8   4.00 1 147039.052300 143741.269200 147039.052300   4000 147058.000100 0 153233.464800 151074.700300 153233.464800   2000 153241.404600 1
9   5.50 1 163800.554100 162308.164700 163800.554100   5500 163808.232400 0 174636.528200 169324.962400 174636.528200   4000 174641.710800 1
10   4.00 1 191585.577900 184208.559000 191585.577900   4000 191591.988500 0 199225.620000 195608.678000 199225.620000   3000 199242.062800 0
11   4.50 1 209760.566400 208808.982100 209760.566400   4000 209775.583200 0 216215.420200 213792.353400 216215.420200   2000 216225.606100 0
12   3.00 0 224238.597000 223292.458700 224238.597000   3500 224242.488400 1 231169.534300 227759.117600 231169.534300   2500 231175.823600 0
13   7.50 0 243979.979600 243242.710300 243979.979600   6000 243992.739400 1 251863.909400 250009.465600 251863.909400   2000 251876.227600 0
14   3.00 1 260534.338800 258942.927500 260534.338800   5000 260542.944000 0 268213.344400 265559.688200 268213.344400   3500 268226.406700 1
15   5.00 1 280028.925900 278293.219900 280028.925900   4000 280043.285400 0 286637.931800 284059.978000 286637.931800   2000 286643.342700 0
16   7.00 0 300140.851100 297710.164600 300140.851100   4000 300160.209100 1 307188.178800 304176.919900 307188.178800   5500 307193.603700 0
17   7.50 1 323440.890600 322260.551700 323440.890600   2000 323460.546700 0 328567.183700 325477.228100 328567.183700   6500 328577.256800 0
18   7.00 1 344716.248100 344144.184300 344716.248100   2500 344727.524100 1 356843.258600 347244.188200 356843.258600   4000 356861.042600 1
19   2.50 0 366747.775400 365427.821300 366747.775400   5000 366761.154500 1 377270.183200 371777.831100 377270.183200   3500 377277.961600 0
20   5.50 0 389318.312200 388344.865100 389318.312200   5500 389328.193200 1 395144.731200 394844.959500 395144.731200   5500 395161.581300 1
21   3.00 0 406987.021200 405728.374500 406987.021200   2000 406995.052400 1 409288.710200 409011.733300 409288.710200   2500 409295.034200 1
22   7.50 0 421909.054900 421361.955800 421909.054900   4000 421929.081461 1 426211.176500 425945.431100 426211.176500   6000 426228.786100 1
23   5.00 0 440242.219900 439295.526000 440242.219900   4000 440262.233900 1 444584.282300 444278.978100 444584.282300   2500 444595.669300 1
24   2.00 0 452176.597700 451195.708500 452176.597700   2000 452195.800400 1 454552.131200 454212.469400 454552.131200   3000 454562.442300 1
25   2.50 0 462508.971300 462129.194700 462508.971300   6500 462529.236400 0 470823.174900 469045.992900 470823.174900   2500 470829.345100 0
--------
11 :Total Won