
trial ITIJitter choice1 rts1 stim1ons_ms choice1ons_ms jitter2 jitter2_ms state rts2 stim2ons_ms choice2ons_ms jitter3 jitter3_ms won

1   2.00 1 24903.324200 23173.528900 24903.324200   2500 24923.790600 0 29996.347800 27440.263900 29996.347800   3500 30006.934400 0
2   3.00 0 39329.827200 38573.747500 39329.827200   2500 39340.429100 0 44967.560400 41857.121600 44967.560400   4000 44973.835700 1
3   8.00 0 67503.849000 58540.721300 67503.849000   4000 67524.147600 1 72001.289400 71540.888200 72001.289400   7000 72007.562200 0
4   3.00 1 85099.269300 84074.395900 85099.269300   3000 85107.763500 1 89306.262900 88124.452800 89306.262900   7000 89324.512900 1
5   3.00 1 102764.600500 101391.364000 102764.600500   7500 102774.672900 0 111679.689800 110291.468400 111679.689800   3000 111691.489500 0
6   5.50 1 123095.727800 122258.345200 123095.727800   7500 123108.275900 1 130909.051400 130625.080000 130909.051400   5000 130925.089000 0
7   4.00 0 142591.658900 141991.950700 142591.658900   4500 142608.587600 1 148363.676100 147125.312000 148363.676100   2500 148375.314100 1
8   3.50 0 162746.717800 156442.101000 162746.717800   4500 162758.841900 1 168772.706400 167275.605200 168772.706400   3000 168792.278300 1
9   3.00 1 177379.111900 176859.081600 177379.111900   6500 177392.484800 0 184225.117100 183909.210800 184225.117100   6000 184242.532300 1
10   4.50 1 196628.567900 196309.378900 196628.567900   2000 196642.695400 0 208750.425100 198659.393500 208750.425100   5000 208759.549900 0
11   7.00 1 223505.132300 222826.480800 223505.132300   5000 223509.752300 0 229428.528200 228526.489700 229428.528200   4000 229443.187100 1
12   2.00 0 239498.005000 237009.967100 239498.005000   3000 239510.025700 1 243367.628500 242526.734900 243367.628500   3000 243376.711100 1
13   2.50 1 252799.373900 250943.513400 252799.373900   2500 252810.190300 0 258216.557500 255326.890700 258216.557500   3500 258226.940500 0
14   4.00 1 269177.948000 267793.772100 269177.948000   2000 269193.749700 0 274278.032800 271210.445000 274278.032800   4500 274293.831000 1
15   3.50 1 288919.606200 283860.634200 288919.606200   4500 288927.389900 0 294198.358600 293444.107500 294198.358600   2000 294210.772000 0
16   5.00 0 303690.501800 303277.578800 303690.501800   2500 303710.908600 1 307061.921600 306227.623100 307061.921600   2500 307077.651800 1
17   6.00 1 318035.410400 317644.481500 318035.410400   6500 318044.527300 1 325004.325100 324561.254700 325004.325100   2500 325011.238000 1
18   3.50 0 334765.305500 333111.351800 334765.305500   7500 334778.194600 1 342688.844100 342294.811300 342688.844100   2500 342711.522100 0
19   3.00 0 350640.873000 350278.278700 350640.873000   5000 350661.609400 1 357516.382800 355678.356600 357516.382800   2500 357528.370000 0
20   3.50 1 366914.301500 365595.158500 366914.301500   3500 366928.508300 0 371579.211600 370445.221400 371579.211600   7000 371595.269900 1
21   3.00 1 383778.284500 383162.074800 383778.284500   7500 383795.426100 0 401679.591800 391312.249100 401679.591800   2500 401695.690700 1
22   2.00 1 424631.248100 407762.456500 424631.248100   6000 424645.957800 0 431201.374500 430662.770200 431201.374500   5000 431212.681300 1
23   3.50 0 443138.747300 441279.599700 443138.747300   2000 443146.285400 1 445727.338300 445162.989700 445727.338300   5500 445746.310300 0
24   7.50 1 461110.111400 460813.209500 461110.111400   4500 461129.886400 0 468411.769600 465646.619300 468411.769600   7000 468429.990600 1
25   3.50 0 486074.181100 480496.823100 486074.181100   8000 486080.204900 1 494429.667900 494097.055200 494429.667900   6000 494447.051500 1
--------
15 :Total Won