
trial ITIJitter choice1 rts1 stim1ons_ms choice1ons_ms jitter2 jitter2_ms state rts2 stim2ons_ms choice2ons_ms jitter3 jitter3_ms won

1   7.50 0 23943.584100 23232.270400 23943.584100   4000 23965.883500 1 28312.075000 27982.280800 28312.075000   6500 28332.415700 0
2   5.50 1 42783.976500 42399.207200 42783.976500   6500 42799.638305 0 50053.519900 49315.959100 50053.519900   5000 50065.974100 0
3   5.00 0 62682.454700 62132.808300 62682.454700   4000 62699.443700 1 66999.920500 66716.217600 66999.920500   6500 67016.195800 0
4   2.00 0 78144.851600 77583.037600 78144.851600   5000 78149.705100 1 83467.474900 83166.437900 83467.474900   5000 83483.126800 0
5   3.00 0 105431.851200 93549.939200 105431.851200   2000 105450.135400 1 108643.037700 107466.830900 108643.037700   2500 108650.160600 1
6   6.00 0 119524.789900 119216.972700 119524.789900   3000 119533.674300 1 122880.013100 122550.370000 122880.013100   2000 122900.354400 0
7   3.50 0 131285.818200 130467.132200 131285.818200   2500 131300.429600 1 134111.742900 133817.189800 134111.742900   8000 134117.178400 0
8   5.50 1 149976.931800 149684.075500 149976.931800   2000 149984.083100 1 152641.353200 152000.788000 152641.353200   3000 152650.807100 0
9   3.00 0 170581.709100 160717.610000 170581.709100   3500 170601.003300 1 174361.729200 174117.758800 174361.729200   4500 174367.788500 0
10   6.00 1 187377.815800 186934.624800 187377.815800   3500 187384.640500 0 191183.274700 190901.391400 191183.274700   3000 191201.344700 0
11   6.50 1 203128.801400 202768.160500 203128.801400   2000 203134.839600 0 205788.284400 205151.551200 205788.284400   3500 205801.529100 0
12   3.00 0 214611.680400 214368.359000 214611.680400   6000 214618.338000 1 220878.731200 220635.244600 220878.731200   2000 220885.129300 1
13   5.00 0 230431.724200 229952.033800 230431.724200   5500 230451.921700 1 239589.569500 235968.633100 239589.569500   4500 239602.043300 1
14   4.00 0 255963.747400 250168.862500 255963.747400   2000 255968.962400 1 258399.582400 257985.647400 258399.582400   7500 258419.060700 1
15   3.50 0 286918.794200 271485.826600 286918.794200   2500 286936.048700 0 289987.112700 289452.785700 289987.112700   8000 290002.775700 0
16   2.00 0 302603.146800 302069.592700 302603.146800   2000 302619.587800 1 305010.613200 304636.326800 305010.613200   2500 305019.661900 1
17   4.00 0 313986.710300 313586.466000 313986.710300   2000 314003.111400 1 316428.555100 316019.805200 316428.555100   6500 316436.514100 1
18   3.50 0 348264.542900 328503.333500 348264.542900   3000 348270.277200 0 351849.612400 351287.024200 351849.612400   5500 351853.642600 0
19   3.50 0 363211.553000 362920.492400 363211.553000   3000 363220.532300 1 366558.055300 366237.200200 366558.055300   4000 366570.594000 0
20   3.50 0 376483.428200 376137.345200 376483.428200   2500 376504.021200 1 383482.473300 379020.716700 383482.473300   3000 383487.448000 1
21   3.00 0 391839.558400 391554.278800 391839.558400   3000 391854.218100 1 395216.652700 394870.960700 395216.652700   3000 395220.971200 1
22   2.00 0 402586.439000 402287.727600 402586.439000   2000 402604.439700 1 404922.961800 404621.135200 404922.961800   4500 404937.756100 0
23   2.50 1 414579.289100 414004.537500 414579.289100   2500 414587.877600 0 426234.430400 417104.630300 426234.430400   6500 426254.734800 0
24   5.50 0 441262.506800 440321.612900 441262.506800   4500 441271.614800 1 446325.352300 445788.348600 446325.352300   2500 446338.368300 0
25   7.50 0 458914.428000 458405.206200 458914.428000   2500 458921.857600 0 462004.433800 461438.571500 462004.433800   6000 462021.936900 0
--------
8 :Total Won