
trial ITIJitter choice1 rts1 stim1ons_ms choice1ons_ms jitter2 jitter2_ms state rts2 stim2ons_ms choice2ons_ms jitter3 jitter3_ms won

1   7.50 1 24032.329100 23423.663800 24032.329100   5000 24057.457600 0 32028.753300 29073.733900 32028.753300   2000 32040.446800 1
2   3.50 0 40581.816900 39107.193100 40581.816900   4000 40590.590600 1 44878.900100 44607.301400 44878.900100   5500 44890.627800 0
3   8.00 0 61063.714700 60457.572900 61063.714700   2500 61074.220000 0 65199.612500 63590.899500 65199.612500   3000 65207.588700 1
4   5.50 0 75621.768400 75274.513800 75621.768400   5500 75641.088900 1 93670.665700 81157.821000 93670.665700   4000 93691.337500 0
5   7.50 0 107552.631300 107258.252900 107552.631300   7000 107558.207200 1 115838.446900 114575.024800 115838.446900   4000 115858.321400 0
6   5.50 1 127745.717000 127425.183600 127745.717000   6500 127758.580600 0 140155.145400 134275.267800 140155.145400   3500 140175.343500 0
7   2.50 1 152541.793700 148242.126500 152541.793700   2500 152558.841500 0 159266.127800 155075.568300 159266.127800   3000 159275.637300 1
8   2.50 0 183525.699300 166342.404900 183525.699300   4500 183542.667800 1 216609.432400 188059.360300 216609.432400   6000 216626.496300 0
9   3.50 0 228865.007700 228193.303800 228865.007700   5500 228876.658300 1 234653.031500 234393.377600 234653.031500   5000 234660.024800 0
10   5.00 1 246994.533900 246726.877800 246994.533900   2000 247010.207000 0 254043.358100 249026.951400 254043.358100   3500 254060.298700 1
11   3.00 1 262582.483400 262127.124900 262582.483400   4000 262593.807900 1 270202.930700 266610.523400 270202.930700   4000 270210.566100 0
12   3.00 1 279821.013000 279277.370900 279821.013000   2500 279827.369300 0 301104.293800 282344.065000 301104.293800   2500 301111.025800 1
13   4.00 1 315095.396600 309177.749200 315095.396600   2000 315111.270400 0 320231.917300 317127.887700 320231.917300   5500 320244.630100 0
14   2.50 1 354524.913400 330311.432700 354524.913400   4000 354545.164500 0 363028.195600 358561.856900 363028.195600   2000 363045.194500 0
15   3.00 0 374970.145500 370112.022600 374970.145500   3000 374978.738200 1 379258.236700 377995.502100 379258.236700   4000 379278.791500 0
16   3.50 0 389237.100900 388845.613400 389237.100900   2000 389245.618000 1 391556.274100 391262.311400 391556.274100   7500 391562.350500 1
17   2.00 0 403609.441700 403129.160200 403609.441700   5500 403629.166900 0 409489.753600 409145.880900 409489.753600   2500 409495.912600 0
18   4.50 0 423802.055900 418562.699800 423802.055900   3000 423812.774100 1 429339.102900 426829.465000 429339.102900   5500 429346.195200 0
19   2.50 1 443877.287100 439413.024800 443877.287100   2500 443896.414500 0 448235.205200 446413.112700 448235.205200   7000 448246.498100 0
20   4.00 1 462043.084000 461313.320700 462043.084000   3000 462063.314300 0 466283.114400 465080.045900 466283.114400   2000 466296.733100 0
21   4.00 0 475919.671700 474363.570800 475919.671700   5500 475930.211500 1 481982.056300 481446.945800 481982.056300   2000 481996.956000 0
22   8.00 0 494515.117900 494063.920400 494515.117900   2500 494530.506300 0 497680.238500 497047.178800 497680.238500   8000 497697.188300 1
23   2.50 0 512703.155300 509764.044200 512703.155300   6500 512714.104700 1 528962.068600 519230.825200 528962.068600   6000 528980.991200 1
24   2.00 0 539471.092900 539047.812000 539471.092900   2000 539481.150900 1 553881.589600 541497.816400 553881.589600   2000 553898.002100 0
25   3.50 0 586869.861800 561464.772700 586869.861800   2000 586881.802800 0 590376.876700 588898.513800 590376.876700   2500 590381.854400 0
--------
8 :Total Won