
trial ITIJitter choice1 rts1 stim1ons_ms choice1ons_ms jitter2 jitter2_ms state rts2 stim2ons_ms choice2ons_ms jitter3 jitter3_ms won

1   5.00 0 23518.718100 22841.337400 23518.718100   5000 23541.486000 1 28850.195900 28558.031900 28850.195900   7500 28858.037500 1
2   2.50 0 42175.776000 40924.883400 42175.776000   5000 42191.637500 1 47751.483600 47208.386200 47751.483600   2000 47758.339000 0
3   3.50 0 55907.700700 55325.083000 55907.700700   3000 55925.107800 1 59267.112500 58941.818900 59267.112500   6500 59275.131700 1
4   5.50 0 73799.450400 73342.012500 73799.450400   4500 73808.750500 1 78776.785000 78325.419100 78776.785000   7500 78792.082300 1
5   8.00 0 99572.486800 96359.020100 99572.486800   3000 99592.376700 1 102925.014100 102609.082300 102925.014100   4000 102942.455400 1
6   3.50 0 112819.539900 112509.284000 112819.539900   6500 112825.947100 1 120071.437700 119342.708500 120071.437700   4500 120092.694000 1
7   2.00 0 129100.478200 128659.474200 129100.478200   3500 129109.491300 1 133284.389500 132626.241300 133284.389500   5000 133292.911600 1
8   4.00 0 144738.300600 144359.718900 144738.300600   3000 144743.059600 0 161412.324100 147759.775300 161412.324100   6000 161426.630800 0
9   6.50 0 176243.520800 175993.499200 176243.520800   6000 176260.241900 1 182544.515800 182276.990200 182544.515800   2500 182560.428900 1
10   4.50 0 191990.405900 191627.070100 191990.405900   4500 192010.412000 1 201263.364400 196527.130300 201263.364400   5000 201277.436700 0
11   2.00 0 210695.916100 210344.000200 210695.916100   5500 210710.698800 1 216506.382000 216227.423400 216506.382000   2000 216510.783000 1
12   4.50 0 225582.321600 225077.558800 225582.321600   2500 225594.270600 1 229171.322600 228110.974200 229171.322600   5500 229177.608000 0
13   3.50 0 241484.835400 240244.436700 241484.835400   2500 241494.456600 1 244633.823000 244011.157200 244633.823000   6500 244644.490700 0
14   4.00 0 257626.893500 257211.360800 257626.893500   3500 257644.684400 0 262996.413300 261161.478300 262996.413300   2500 263011.443800 1
15   5.50 0 278928.356800 272578.282200 278928.356800   5500 278944.998000 1 290773.851200 284461.770200 290773.851200   6000 290795.173000 0
16   6.00 0 305232.816100 304862.050000 305232.816100   7000 305245.379100 1 321698.170500 312262.146200 321698.170500   7500 321712.288100 0
17   7.50 0 345527.350200 338779.210700 345527.350200   2000 345545.968900 0 348485.776400 347562.677500 348485.776400   2000 348495.976500 1
18   8.00 0 376003.988400 360096.145000 376003.988400   2000 376013.081000 1 378604.213300 378029.740400 378604.213300   5500 378613.130500 0
19   2.50 0 394826.092400 388679.941800 394826.092400   5500 394846.690200 1 423268.188200 400363.419000 423268.188200   3500 423280.421800 0
20   2.00 1 431710.952500 430847.230300 431710.952500   6000 431730.563200 1 440970.983900 437747.295700 440970.983900   3500 440980.630300 1
21   3.50 1 462712.021300 450047.494500 462712.021300   3000 462730.988300 1 469740.071900 465747.695900 469740.071900   2000 469747.755400 0
22   4.50 1 478679.487700 478314.550600 478679.487700   5000 478697.877600 0 489063.971300 483714.664300 489063.971300   7000 489081.392600 1
23   2.00 0 515993.907100 499648.168300 515993.907100   2000 515998.433300 1 518979.995700 518015.134700 518979.995700   3500 518998.444400 1
24   4.50 0 529513.944600 529065.283000 529513.944600   3500 529531.939200 0 533746.491500 533048.663200 533746.491500   2500 533765.369500 1
25   3.50 0 541740.910600 541332.164900 541740.910600   3500 541748.837100 1 545664.832700 545265.508600 545664.832700   5000 545682.193600 1
--------
15 :Total Won