
trial ITIJitter choice1 rts1 stim1ons_ms choice1ons_ms jitter2 jitter2_ms state rts2 stim2ons_ms choice2ons_ms jitter3 jitter3_ms won

1   4.00 0 19833.521500 19021.029600 19833.521500   3500 19854.783300 1 24551.414400 23371.016500 24551.414400   2500 24571.058700 1
2   3.00 0 32749.409900 32137.866000 32749.409900   4000 32754.523000 1 37240.037600 36771.260000 37240.037600   5000 37254.596000 1
3   6.00 0 50951.311700 50321.444500 50951.311700   2000 50971.457800 1 53956.973800 52988.195900 53956.973800   3500 53971.475800 1
4   4.00 0 64082.585700 63538.365100 64082.585700   4000 64088.324600 1 68736.969300 68105.058100 68736.969300   3500 68755.132000 1
5   4.00 0 78825.920100 78322.042100 78825.920100   6500 78838.578000 0 88895.462700 85355.316400 88895.462700   3000 88905.295900 0
6   3.50 0 97793.410900 97472.114300 97793.410900   3000 97805.447000 0 102942.850500 100822.167400 102942.850500   4000 102955.544400 0
7   3.00 1 112337.831500 112022.358500 112337.831500   2500 112355.823100 1 116392.399500 114872.424900 116392.399500   2000 116405.729000 1
8   5.50 1 126368.388400 125972.749200 126368.388400   2500 126372.503000 0 129092.408100 128889.281700 129092.408100   3000 129105.894200 0
9   3.00 0 137662.322800 137172.755400 137662.322800   6500 137672.675300 1 144496.416400 144189.532700 144496.416400   2000 144506.116900 0
10   7.50 0 156718.795800 156073.061900 156718.795800   6500 156739.821300 1 163762.169000 163256.376300 163762.169000   4000 163773.264700 0
11   2.50 1 174169.166700 172339.904500 174169.166700   3500 174173.221400 0 178632.226300 177689.945300 178632.226300   3000 178639.925700 0
12   3.50 1 187752.190200 187206.815300 187752.190200   4500 187756.756100 0 193072.362500 192273.509800 193072.362500   4500 193090.186300 1
13   2.00 1 202020.158900 201156.966100 202020.158900   3500 202040.293700 1 206866.126100 205557.015700 206866.126100   5500 206873.713700 0
14   2.00 0 216728.131300 216440.532200 216728.131300   2000 216740.509800 1 219166.248700 218757.197900 219166.248700   3500 219173.932000 0
15   4.00 0 229177.695800 228740.675800 229177.695800   2000 229190.715500 1 231761.677000 231207.422500 231761.677000   6500 231774.078800 1
16   6.00 0 246736.674000 246340.948100 246736.674000   5000 246757.610000 1 252116.661700 251774.350900 252116.661700   5000 252124.376000 1
17   2.50 0 264490.275300 261691.215400 264490.275300   5000 264507.869500 1 269833.033800 269524.795500 269833.033800   2500 269841.292800 0
18   3.50 0 278409.039900 277908.158500 278409.039900   3500 278424.705900 1 282493.060400 281941.462800 282493.060400   3500 282508.087500 1
19   2.50 0 291522.085500 290574.916600 291522.085500   4000 291541.571100 1 296254.195600 295558.314200 296254.195600   2000 296258.297900 1
20   2.00 0 302702.017500 302358.430700 302702.017500   2000 302708.418100 1 305060.962500 304725.129100 305060.962500   2000 305075.127800 0
21   2.00 1 311768.575400 311141.894100 311768.575400   3500 311775.247300 0 315687.000200 315291.947100 315687.000200   6000 315691.949200 1
22   3.00 1 327610.623900 326258.754800 327610.623900   6500 327625.472800 0 334924.826900 334142.214800 334924.826900   5500 334942.251600 1
23   4.50 1 347182.941300 346509.095700 347182.941300   4000 347192.409900 0 351588.556000 351209.304500 351588.556000   6500 351609.194200 0
24   3.00 1 369156.947100 363175.981100 369156.947100   7000 369176.066200 1 376978.106900 376192.849100 376978.106900   2500 376992.854800 0
25   4.00 0 387600.065100 385559.702600 387600.065100   4500 387609.652600 1 393472.463500 392126.417000 393472.463500   6000 393493.085900 0
--------
12 :Total Won