
trial ITIJitter choice1 rts1 stim1ons_ms choice1ons_ms jitter2 jitter2_ms state rts2 stim2ons_ms choice2ons_ms jitter3 jitter3_ms won

1   6.00 1 24886.753300 23799.605800 24886.753300   5500 24900.039900 0 36042.643300 30416.383400 36042.643300   2000 36049.759100 1
2   6.00 0 47046.561100 45616.627100 47046.561100   3500 47066.613400 0 51141.664200 50583.399900 51141.664200   3500 51150.044500 1
3   6.00 1 62508.125100 62216.892200 62508.125100   2000 62516.871500 0 65981.540600 64533.559700 65981.540600   3000 66000.243800 1
4   2.50 0 74827.486900 73066.990000 74827.486900   3500 74833.690000 1 79143.604600 78350.438800 79143.604600   3000 79150.434900 0
5   2.00 1 86813.449900 86217.171800 86813.449900   3000 86833.816200 0 90841.571100 89850.586500 90841.571100   3000 90850.618400 1
6   3.00 1 99687.552700 98417.386500 99687.552700   3000 99700.702000 0 104636.573200 102717.442400 104636.573200   2000 104650.791900 1
7   4.00 1 115296.541100 112217.595900 115296.541100   5000 115300.950200 0 122451.432300 120317.686000 122451.432300   4000 122467.734700 1
8   3.00 1 131920.545600 131034.508100 131920.545600   3500 131934.560200 0 136646.625200 135451.247300 136646.625200   2500 136651.261000 1
9   2.50 1 145102.292800 143218.076500 145102.292800   5000 145118.090700 0 153726.448400 150134.781100 153726.448400   5000 153734.794600 1
10   2.50 0 163855.984500 162801.677800 163855.984500   2500 163868.349500 0 173216.542000 166385.024200 173216.542000   6000 173235.149900 1
11   2.50 0 184568.253000 183301.969600 184568.253000   4000 184585.280300 0 189341.375000 188602.005800 189341.375000   5000 189352.048200 1
12   3.00 1 200052.231100 198952.182400 200052.231100   5000 200068.836900 0 208998.498600 205085.687300 208998.498600   2000 209019.000400 0
13   3.00 1 216714.413100 216085.763400 216714.413100   2500 216719.063300 1 221854.990800 219235.800200 221854.990800   2000 221869.142000 1
14   4.00 1 230741.439800 229935.943500 230741.439800   2500 230752.636400 0 237185.299700 233269.316300 237185.299700   3000 237202.718500 1
15   5.00 0 248836.256700 246769.556200 248836.256700   4500 248852.880400 1 257250.277800 253369.642100 257250.277800   5000 257269.664100 0
16   4.50 0 269463.372600 268836.516300 269463.372600   2000 269469.822900 1 272264.857800 271486.566500 272264.857800   2500 272269.885000 1
17   2.50 0 280369.315100 279336.666600 280369.315100   2000 280386.676100 1 282717.389100 282403.373300 282717.389100   2500 282736.734400 0
18   3.00 1 290879.800500 290303.531400 290879.800500   6000 290886.862300 1 303009.167600 296903.636100 303009.167600   3500 303020.349900 1
19   7.50 0 316446.414800 316087.199000 316446.414800   3000 316453.962300 1 324875.109400 319470.579900 324875.109400   4500 324887.327500 1
20   5.50 0 338327.729300 336954.157900 338327.729300   2500 338337.527400 1 342616.758600 340854.208400 342616.758600   5500 342637.545200 1
21   4.50 1 355344.112300 354704.420000 355344.112300   7500 355354.436700 0 366261.176500 362871.212100 366261.176500   4500 366271.343500 0
22   2.50 0 376264.079000 375338.079700 376264.079000   2500 376271.412700 1 379350.117400 378788.139000 379350.117400   3000 379354.773600 1
23   4.00 0 389434.004300 388421.587300 389434.004300   4000 389438.249900 0 394141.053200 393455.004200 394141.053200   2000 394154.996700 0
24   3.00 1 401640.098500 401221.746000 401640.098500   6000 401655.103200 0 408029.004000 407671.872000 408029.004000   5500 408038.520400 0
25   3.00 0 419736.690400 418605.362300 419736.690400   2500 419755.372900 1 422836.040900 422272.101300 422836.040900   5000 422855.413200 1
--------
18 :Total Won