
trial ITIJitter choice1 rts1 stim1ons_ms choice1ons_ms jitter2 jitter2_ms state rts2 stim2ons_ms choice2ons_ms jitter3 jitter3_ms won

1   2.50 1 18366.603500 16724.308100 18366.603500   2000 18391.466000 1 21703.674400 20407.730900 21703.674400   2000 21724.378300 0
2   2.50 0 29459.197300 28291.202800 29459.197300   5000 29474.512200 1 35839.652900 34491.283600 35839.652900   7000 35857.937400 0
3   8.00 0 53513.077600 52924.870100 53513.077600   5000 53524.878500 1 59117.049700 58541.597400 59117.049700   3500 59124.993800 0
4   2.00 0 67523.168000 66691.717900 67523.168000   6000 67541.736400 1 74884.892900 73558.645600 74884.892900   2000 74891.872000 0
5   2.50 1 81916.974100 81458.569000 81916.974100   5000 81925.249800 0 98233.600800 86942.066200 98233.600800   2000 98242.204600 1
6   6.50 1 116854.465900 108308.998000 116854.465900   2500 116859.121700 0 139052.490300 119375.830600 139052.490300   6500 139059.433000 1
7   5.50 1 153455.490000 152626.331500 153455.490000   6000 153476.380900 0 162334.796500 159493.146000 162334.796500   2000 162343.176200 1
8   2.00 1 174507.431100 167909.900200 174507.431100   4000 174526.641200 0 180561.959500 178543.390200 180561.959500   2500 180576.801500 1
9   2.00 1 194082.886800 186643.475100 194082.886800   5500 194093.519700 0 213010.042300 199610.308200 213010.042300   3500 213027.189800 1
10   3.00 1 244278.836600 221094.007400 244278.836600   4500 244294.382600 0 529498.908800 248811.049500 529498.908800   3000 529531.770000 1
11   2.50 1 537168.922100 536598.539200 537168.922100   6000 537181.859400 0 546517.408800 543198.642400 546517.408800   4000 546532.020300 1
12   4.50 0 557738.344700 556598.834100 557738.344700   2500 557748.899800 1 560636.323100 560265.576300 560636.323100   4500 560648.891300 0
13   4.00 1 571560.846300 571215.709600 571560.846300   2500 571565.697900 0 574924.911700 574082.423100 574924.911700   3000 574932.433000 1
14   3.50 0 583641.395100 582999.214800 583641.395100   6000 583649.218100 0 593538.315300 589666.044600 593538.315300   4000 593549.409600 1
15   5.50 0 605184.238900 604616.189400 605184.238900   2000 605199.538100 1 609066.473300 607216.286800 609066.473300   5000 609082.914600 0
16   8.00 1 624460.248700 624149.843400 624460.248700   5500 624466.486400 0 630127.791400 629983.209000 630127.791400   6000 630133.246800 0
17   4.00 1 642633.342300 642200.062800 642633.342300   3000 642650.084000 0 651055.083200 645666.791600 651055.083200   3000 651066.897100 0
18   4.00 1 660930.171900 660133.670300 660930.171900   5500 660950.345400 1 667167.764600 666467.103300 667167.764600   5500 667183.749300 1
19   4.00 0 680026.069600 678783.990000 680026.069600   2000 680033.977400 0 686612.158400 682050.639400 686612.158400   5000 686634.050800 0
20   4.00 1 698142.208500 697700.947900 698142.208500   2000 698150.874000 0 705913.300300 700167.773400 705913.300300   7000 705917.633400 0
21   2.00 0 725032.197300 716984.503700 725032.197300   4500 725051.287200 1 731026.607500 729568.005000 731026.607500   7000 731034.705800 1
22   3.50 0 750701.077600 743601.546000 750701.077600   5500 750718.336800 1 756523.177600 756235.067700 756523.177600   2000 756535.080700 1
23   5.00 0 766023.225400 765601.877800 766023.225400   3000 766035.201000 1 769429.938900 769052.021700 769429.938900   2500 769435.254600 0
24   2.00 0 776317.974300 776002.047900 776317.974300   5000 776335.363500 0 782162.604700 781352.100200 782162.604700   4500 782168.752900 0
25   4.50 1 793531.667800 793235.638600 793531.667800   2500 793552.320900 0 809777.934900 796069.044300 809777.934900   6000 809785.878600 1
--------
13 :Total Won