
trial ITIJitter choice1 rts1 stim1ons_ms choice1ons_ms jitter2 jitter2_ms state rts2 stim2ons_ms choice2ons_ms jitter3 jitter3_ms won

1   4.50 0 30391.496400 30065.981200 30391.496400   6500 30416.282700 1 37473.903200 36932.739200 37473.903200   2000 37482.743400 1
2   2.00 0 43891.453700 43549.492600 43891.453700   3000 43899.525000 1 47191.026300 46916.218100 47191.026300   2500 47199.557000 1
3   4.50 0 56618.933400 56266.377400 56618.933400   4500 56633.035300 1 65898.081900 61149.746400 65898.081900   2000 65916.491100 1
4   3.50 0 88212.379100 73483.254100 88212.379100   4000 88233.439000 1 92500.787500 92250.213400 92500.787500   5500 92516.833500 1
5   6.50 0 106896.378900 106583.710700 106896.378900   7000 106917.083600 1 113937.973300 113933.819900 113937.973300   2000 113950.505300 1
6   2.00 0 123477.981500 120017.266900 123477.981500   3000 123484.008200 0 128256.413000 126500.696700 128256.413000   5500 128267.368600 1
7   2.00 1 138088.840400 137334.182900 138088.840400   3500 138100.858800 0 143789.814000 141617.617500 143789.814000   3000 143800.937100 0
8   2.50 1 154766.323800 151367.719900 154766.323800   6500 154784.436400 0 168331.333200 161301.205100 168331.333200   3000 168351.261800 0
9   5.50 0 179127.348000 178918.104200 179127.348000   3500 179134.780500 1 182962.717500 182651.534600 182962.717500   4000 182968.180900 0
10   2.00 1 191314.033200 191034.956800 191314.033200   3000 191318.292700 1 195931.670700 194335.014200 195931.670700   6000 195951.716700 0
11   2.50 1 206894.766400 206518.536500 206894.766400   2500 206901.852400 0 225606.593800 209418.576400 225606.593800   2000 225618.807400 0
12   7.50 1 237834.231400 237185.671000 237834.231400   5000 237852.302600 1 243639.760500 242869.035500 243639.760500   3500 243652.397500 1
13   2.00 0 256104.187700 251219.184600 256104.187700   3000 256119.231300 0 278974.585700 259135.935700 278974.585700   5000 278986.217000 0
14   2.00 0 288398.513100 288053.032800 288398.513100   7500 288403.031600 1 296182.122700 295919.804700 296182.122700   3000 296203.131200 1
15   2.00 0 305619.689300 303270.032900 305619.689300   2500 305636.591300 1 310075.580700 308153.326700 310075.580700   2000 310086.676100 0
16   5.50 1 320015.623000 319653.519400 320015.623000   4500 320020.131200 0 324942.763000 324536.899100 324942.763000   2000 324953.597100 1
17   7.00 0 339880.439600 335520.404400 339880.439600   6000 339887.109200 0 353846.459000 345903.999800 353846.459000   2000 353853.968600 0
18   4.00 0 373638.689100 361920.795200 373638.689100   5000 373654.264600 1 379093.363100 378671.104400 379093.363100   2000 379104.342800 0
19   2.00 0 407018.556700 385171.105100 407018.556700   4000 407038.076600 1 411457.320600 411054.812800 411457.320600   2000 411471.450200 1
20   4.00 0 419777.959900 419571.624600 419777.959900   3500 419788.236800 1 423589.482600 423304.989900 423589.482600   3000 423605.008400 1
21   2.50 0 431457.059300 431171.763600 431457.059300   2500 431471.774200 1 434269.934200 433988.458400 434269.934200   5500 434288.481500 0
22   3.50 0 464037.847200 445355.313100 464037.847200   2500 464055.576100 1 467213.320100 466572.292100 467213.320100   2000 467222.332400 0
23   2.50 1 474169.469800 473789.031500 474169.469800   2500 474189.070900 0 476961.478400 476705.757400 476961.478400   2000 476972.409000 1
24   7.00 0 496854.894200 487539.240900 496854.894200   6500 496872.685300 1 503586.412900 503389.511200 503586.412900   7000 503606.160400 0
25   5.00 0 517999.273700 517673.010900 517999.273700   5000 518006.366000 1 525072.226400 523023.075600 525072.226400   6000 525089.779000 0
--------
12 :Total Won