
trial ITIJitter choice1 rts1 stim1ons_ms choice1ons_ms jitter2 jitter2_ms state rts2 stim2ons_ms choice2ons_ms jitter3 jitter3_ms won

1   3.00 0 20997.652900 20303.375600 20997.652900   4000 21020.385700 1 25258.875300 25036.755400 25258.875300   2000 25270.127600 1
2   4.50 0 34323.016500 33836.911200 34323.016500   2500 34337.075400 0 38614.749900 36853.626800 38614.749900   3500 38620.298300 1
3   2.00 1 46776.677900 45687.114500 46776.677900   4000 46787.106400 0 51392.775500 50803.839000 51392.775500   2000 51403.837100 1
4   2.50 1 60586.837200 57470.587800 60586.837200   2000 60603.913100 0 63153.315800 62620.672200 63153.315800   6500 63170.640400 1
5   5.50 0 77086.795500 76737.514000 77086.795500   5500 77104.186500 1 82878.294600 82620.949500 82878.294600   5000 82887.610700 0
6   2.50 1 92807.681200 92454.413800 92807.681200   2500 92821.101100 0 95653.275300 95337.799200 95653.275300   2500 95671.135100 1
7   2.00 0 108498.704800 101737.875400 108498.704800   5000 108504.652100 1 114170.757200 113521.388000 114170.757200   2000 114188.062400 0
8   3.50 0 123936.977300 121754.884300 123936.977300   7000 123954.862400 1 131253.212000 130971.640400 131253.212000   2000 131271.640400 1
9   3.00 0 138970.745000 138338.432500 138970.745000   3000 138988.411700 1 142291.142900 142005.127500 142291.142900   5500 142305.105300 0
10   6.50 1 156580.490400 156372.006400 156580.490400   2000 156588.682500 0 158982.680600 158605.363200 158982.680600   2500 158988.703700 1
11   7.50 0 171117.535300 170555.550300 171117.535300   2500 171122.215300 1 174125.499400 173638.917400 174125.499400   2000 174138.931400 1
12   4.00 1 182618.080300 182205.680400 182618.080300   3000 182639.034400 0 185921.547000 185655.756000 185921.547000   4000 185939.094800 1
13   2.00 1 194598.614000 193505.917300 194598.614000   5000 194605.895100 0 199871.586200 199622.628000 199871.586200   3000 199889.320200 1
14   2.50 1 207492.157400 206989.424400 207492.157400   2500 207506.079200 0 212120.038100 210022.778900 212120.038100   2000 212139.488000 1
15   3.50 1 219523.447800 219206.285800 219523.447800   3000 219539.578000 0 224023.550100 222556.281300 224023.550100   2000 224039.620600 1
16   6.50 1 236419.592600 234106.470100 236419.592600   4500 236423.161400 0 247386.536200 240939.894400 247386.536200   6000 247406.644700 0
17   3.00 1 258875.486900 258473.489400 258875.486900   4500 258890.151500 0 264087.505500 263406.911100 264087.505500   5500 264106.904100 1
18   6.50 1 289140.960900 277673.777500 289140.960900   3000 289157.238400 1 292568.459500 292174.040600 292568.459500   2000 292573.977300 0
19   2.00 1 299700.941100 298640.739000 299700.941100   3500 299707.416700 1 304093.957100 303224.127200 304093.957100   2000 304107.475300 0
20   4.00 0 312444.325100 312174.300900 312444.325100   4000 312457.591500 1 316955.294000 316474.316300 316955.294000   5500 316974.300500 1
21   3.50 0 328711.428600 328041.166300 328711.428600   8000 328724.502800 1 337161.283200 336741.274600 337161.283200   5000 337174.616100 0
22   3.50 1 348101.339100 347741.459200 348101.339100   2500 348108.118300 1 351217.263000 350624.779100 351217.263000   6000 351224.843700 1
23   8.00 0 371287.858500 367291.750500 371287.858500   3500 371308.498700 1 378480.832600 374825.168500 378480.832600   2000 378491.880300 1
24   4.00 0 388746.320900 386558.663300 388746.320900   6000 388758.724200 1 395029.541700 394775.449500 395029.541700   6000 395042.089500 1
25   2.50 0 412832.232600 405608.951200 412832.232600   3500 412842.359000 1 416605.217300 416359.125300 416605.217300   3500 416625.758600 1
--------
18 :Total Won