
trial ITIJitter choice1 rts1 stim1ons_ms choice1ons_ms jitter2 jitter2_ms state rts2 stim2ons_ms choice2ons_ms jitter3 jitter3_ms won

1   2.00 0 17085.854300 16379.781500 17085.854300   6000 17113.373200 0 23714.660600 23129.838400 23714.660600   4000 23729.920300 0
2   5.50 0 35689.585900 35296.714600 35689.585900   3000 35696.724600 1 39487.608300 38713.409100 39487.608300   2500 39496.757800 1
3   4.50 1 48998.775900 48563.550300 48998.775900   5500 49013.547000 0 54837.722100 54530.291500 54837.722100   2500 54846.966500 1
4   3.50 1 62847.669800 62413.718600 62847.669800   2000 62863.736800 0 65504.734200 64880.466200 65504.734200   6000 65513.793700 0
5   2.50 1 76453.748100 76080.610300 76453.748100   2000 76463.942100 0 78855.878100 78480.657200 78855.878100   3000 78863.969800 0
6   7.00 0 91361.571700 90930.842100 91361.571700   4000 91380.830000 1 95743.655700 95397.532500 95743.655700   2500 95764.253900 1
7   4.00 0 104622.176000 104331.026700 104622.176000   4000 104631.002000 1 108950.730400 108647.780700 108950.730400   5000 108964.437500 1
8   3.50 1 119903.767700 119531.233200 119903.767700   2000 119914.595000 0 122512.734900 121931.226800 122512.734900   4000 122531.245500 0
9   5.50 0 134426.651000 134098.124200 134426.651000   3500 134431.460700 0 142030.718700 137948.191900 142030.718700   2500 142048.236700 0
10   4.50 1 151540.719000 151115.028800 151540.719000   2500 151548.370400 0 154393.821500 154065.053400 154393.821500   8000 154415.088600 0
11   4.50 0 169275.374900 168981.902400 169275.374900   2000 169281.947700 1 171592.573400 171298.656900 171592.573400   3500 171598.652700 1
12   2.00 0 179685.546900 179165.447500 179685.546900   4000 179698.760200 1 183935.525400 183715.483800 183935.525400   5500 183948.839300 1
13   2.00 0 193572.082000 193515.646200 193572.082000   4000 193582.322500 0 198485.436000 197599.022900 198485.436000   2000 198499.032500 0
14   6.50 0 209354.046900 209065.869200 209354.046900   3000 209365.861700 1 212721.450700 212382.581400 212721.450700   4000 212732.577000 1
15   7.00 0 226071.490400 225799.428300 226071.490400   3500 226082.782700 1 229957.037800 229599.488200 229957.037800   2000 229966.165000 1
16   3.00 0 239861.971600 237032.985900 239861.971600   5000 239882.960000 1 245326.002300 244899.740300 245326.002300   3000 245333.055800 0
17   3.00 0 255125.388600 253399.884400 255125.388600   2500 255133.151100 1 257926.999600 257649.891600 257926.999600   4000 257933.236600 0
18   7.00 1 271256.533100 271000.114200 271256.533100   2000 271266.740900 0 274034.930900 273283.457900 274034.930900   2000 274050.250500 1
19   3.50 0 287192.410900 281116.931500 287192.410900   5000 287200.324300 1 292498.349300 292217.058400 292498.349300   4000 292517.076300 0
20   3.50 1 302648.324200 302083.893400 302648.324200   3000 302667.208500 0 306294.333400 305683.913700 306294.333400   8000 306300.623700 1
21   2.00 1 318315.885100 317900.780800 318315.885100   5000 318334.118000 0 325256.379100 323350.840800 325256.379100   2000 325267.523500 1
22   2.50 1 331650.311500 331334.299700 331650.311500   3000 331667.634900 1 335879.404600 334684.416100 335879.404600   5500 335884.359600 1
23   4.50 0 350401.405900 347951.238900 350401.405900   2000 350417.894400 1 352754.814600 352434.592600 352754.814600   6000 352767.937800 0
24   2.50 0 363691.310600 363334.770300 363691.310600   2500 363701.424700 1 366583.248900 366218.110500 366583.248900   2500 366601.506400 0
25   6.00 0 379551.283100 377168.292400 379551.283100   4000 379568.330800 1 383838.355200 383585.140900 383838.355200   7500 383851.759300 1
--------
13 :Total Won