
trial ITIJitter choice1 rts1 stim1ons_ms choice1ons_ms jitter2 jitter2_ms state rts2 stim2ons_ms choice2ons_ms jitter3 jitter3_ms won

1   6.50 1 31586.116500 30486.980900 31586.116500   3000 31603.963400 0 37917.084800 34620.432700 37917.084800   6000 37937.152400 0
2   2.50 0 50807.754000 48503.945800 50807.754000   3000 50820.645400 1 54123.237100 53837.379500 54123.237100   3500 54137.345700 1
3   6.50 0 68626.312100 66204.195600 68626.312100   2000 68637.634600 1 71161.924900 70654.268200 71161.924900   3500 71170.902500 1
4   2.00 1 79790.432300 78737.694600 79790.432300   2500 79804.385800 0 86927.219800 82321.093500 86927.219800   2500 86937.913000 0
5   4.00 1 95833.610000 95504.619600 95833.610000   2000 95854.567100 0 98298.006300 97871.315600 98298.006300   5500 98304.666700 0
6   5.50 0 112485.662300 111371.518500 112485.662300   2500 112504.847300 1 115564.157200 115021.573200 115564.157200   3500 115571.565600 1
7   2.50 1 124716.068300 123638.360300 124716.068300   2500 124721.680400 0 134318.256300 127238.416900 134318.256300   8000 134338.486100 0
8   4.50 0 149297.360800 148905.404900 149297.360800   5500 149305.388900 1 155097.089700 154822.331900 155097.089700   3500 155105.509100 0
9   3.00 0 164215.021400 163672.355100 164215.021400   4500 164222.267500 0 169360.949000 168739.065400 169360.949000   2000 169372.359200 0
10   2.50 1 176391.890400 175939.135800 176391.890400   3500 176405.790100 0 180262.805500 179922.503500 180262.805500   7000 180272.512200 1
11   4.50 1 198543.045100 193339.378200 198543.045100   2000 198556.168000 0 211088.539100 200572.848700 211088.539100   5500 211106.311600 1
12   6.50 1 234982.975000 224673.163300 234982.975000   4500 234989.956900 1 243973.729100 239506.756900 243973.729100   6000 243990.093800 1
13   3.00 0 256602.744400 255056.943500 256602.744400   5000 256606.969700 1 261923.829500 261623.691400 261923.829500   2000 261940.356800 0
14   5.50 0 272049.351500 271507.203200 272049.351500   2000 272057.187100 1 274691.004400 274073.876900 274691.004400   7000 274707.211800 0
15   5.50 1 290136.716400 289274.115400 290136.716400   4500 290140.807000 0 295082.391200 294657.506100 295082.391200   6500 295090.874600 1
16   2.00 1 306018.358900 305157.698400 306018.358900   4500 306024.337800 0 311257.738500 310541.076400 311257.738500   8000 311274.410900 1
17   4.50 0 326394.833400 325341.290700 326394.833400   6500 326407.950800 0 334376.327700 332924.768300 334376.327700   3500 334391.430000 1
18   3.00 0 344178.244600 342458.246800 344178.244600   5500 344191.562700 0 351552.238100 349708.380300 351552.238100   4000 351558.358700 1
19   2.50 0 361369.637600 359658.434800 361369.637600   3500 361375.144500 1 365284.212400 364891.894900 365284.212400   3500 365291.899000 0
20   2.00 1 373180.688200 372858.661000 373180.688200   7500 373192.058900 0 384537.255000 380708.756400 384537.255000   3000 384558.812600 1
21   2.50 0 393057.604900 391625.598100 393057.604900   4500 393075.607600 0 398362.799200 397592.330100 398362.799200   2000 398375.665100 1
22   2.00 1 404636.773400 403942.444000 404636.773400   7500 404642.460300 1 425718.622700 412159.236400 425718.622700   2000 425726.066000 1
23   3.00 1 434598.689800 432792.891000 434598.689800   3000 434609.549600 0 462865.151100 437626.279400 462865.151100   3000 462876.613700 1
24   3.00 1 490046.116900 470443.442200 490046.116900   5000 490060.354800 0 498973.077300 495077.075300 498973.077300   3000 498993.844800 1
25   3.50 1 509386.577700 507060.691000 509386.577700   7000 509393.940500 1 529364.082300 516410.710600 529364.082300   5000 529377.589800 0
--------
15 :Total Won